smiles,Mol,QED,logP,SA,PAINS,scaffold,sa_ertl,smiles_can,qed,mw,logp,tpsa,hba,hbd,rtb,heavy_atoms,rings_aromatic,frac_csp3,murcko_scaffold,pains_n,pains_ok,sa,gov_score
CC(C)Cc1cccc(C(N)=O)c1,,0.7533692544465068,1.984,1.6200393104483872,0.0,c1ccccc1,1.6200393104483872,CC(C)Cc1cccc(C(N)=O)c1,0.7533692544465068,177.24699999999996,1.984,43.09,1.0,1.0,3.0,13.0,1.0,0.3636363636363636,c1ccccc1,0,True,1.6200393104483872,-0.8746700560018804
Cc1ccc(CC(=O)N2CC(NC(=O)c3ccccc3)C2)cc1,,0.9409501082334092,2.1783200000000003,1.7436503055182122,0.0,O=C(NC1CN(C(=O)Cc2ccccc2)C1)c1ccccc1,1.7436503055182122,Cc1ccc(CC(=O)N2CC(NC(=O)c3ccccc3)C2)cc1,0.9409501082334092,308.3810000000001,2.1783200000000003,49.41,2.0,1.0,4.0,23.0,2.0,0.2631578947368421,O=C(NC1CN(C(=O)Cc2ccccc2)C1)c1ccccc1,0,True,1.7436503055182122,-0.8918601972848031
COc1ccc(CC(=O)NCc2ccc(F)cc2)cc1,,0.9092661702805248,2.693200000000001,1.473209722516943,0.0,O=C(Cc1ccccc1)NCc1ccccc1,1.473209722516943,COc1ccc(CC(=O)NCc2ccc(F)cc2)cc1,0.9092661702805248,273.307,2.693200000000001,38.33,2.0,1.0,5.0,20.0,2.0,0.1875,O=C(Cc1ccccc1)NCc1ccccc1,0,True,1.473209722516943,-0.9105435522364186
Cc1cc(-c2ccccc2)ccc1NC(=O)C(N)=O,,0.805289617501461,2.085819999999999,1.7015557650049242,0.0,c1ccc(-c2ccccc2)cc1,1.7015557650049242,Cc1cc(-c2ccccc2)ccc1NC(=O)C(N)=O,0.805289617501461,254.289,2.085819999999999,72.19,2.0,2.0,2.0,19.0,2.0,0.0666666666666666,c1ccc(-c2ccccc2)cc1,0,True,1.7015557650049242,-0.9391761475034628
COc1ccc(C(=O)NCCNC(=O)C2CCCCC2)cc1,,0.7911325327016423,2.1215,1.6817475330109328,0.0,O=C(NCCNC(=O)C1CCCCC1)c1ccccc1,1.6817475330109328,COc1ccc(C(=O)NCCNC(=O)C2CCCCC2)cc1,0.7911325327016423,304.39000000000004,2.1215,67.43,3.0,2.0,6.0,22.0,1.0,0.5294117647058824,O=C(NCCNC(=O)C1CCCCC1)c1ccccc1,0,True,1.6817475330109328,-0.9513650003092906
Cc1ccc(NC(=O)CCNC(=O)C(=O)Nc2ccccc2)cc1,,0.7355852711543511,2.07852,1.6509721705058542,0.0,O=C(CCNC(=O)C(=O)Nc1ccccc1)Nc1ccccc1,1.6509721705058542,Cc1ccc(NC(=O)CCNC(=O)C(=O)Nc2ccccc2)cc1,0.7355852711543511,325.36800000000005,2.07852,87.30000000000001,3.0,3.0,5.0,24.0,2.0,0.1666666666666666,O=C(CCNC(=O)C(=O)Nc1ccccc1)Nc1ccccc1,0,True,1.6509721705058542,-0.9546468993515032
Cc1ccc(CNC(=O)C(=O)NCc2ccccc2)cc1C,,0.8501329323512526,2.23604,1.6902136797674014,0.0,O=C(NCc1ccccc1)C(=O)NCc1ccccc1,1.6902136797674014,Cc1ccc(CNC(=O)C(=O)NCc2ccccc2)cc1C,0.8501329323512526,296.37000000000006,2.23604,58.2,2.0,2.0,4.0,22.0,2.0,0.2222222222222222,O=C(NCc1ccccc1)C(=O)NCc1ccccc1,0,True,1.6902136797674014,-0.9581007474161488
CC(=O)N1CCN(C(=O)Nc2cccc(C)c2C)CC1,,0.8519763215127636,1.99944,1.816511879307523,0.0,O=C(Nc1ccccc1)N1CCNCC1,1.816511879307523,CC(=O)N1CCN(C(=O)Nc2cccc(C)c2C)CC1,0.8519763215127636,275.3520000000001,1.99944,52.650000000000006,2.0,1.0,1.0,20.0,1.0,0.4666666666666667,O=C(Nc1ccccc1)N1CCNCC1,0,True,1.816511879307523,-0.9648155577947594
CN(C)c1ccc(C(=O)NCCc2ccccc2)cc1,,0.904006114277903,2.725100000000001,1.5145854310189684,0.0,O=C(NCCc1ccccc1)c1ccccc1,1.5145854310189684,CN(C)c1ccc(C(=O)NCCc2ccccc2)cc1,0.904006114277903,268.36,2.725100000000001,32.34,2.0,1.0,5.0,20.0,2.0,0.2352941176470588,O=C(NCCc1ccccc1)c1ccccc1,0,True,1.5145854310189684,-0.973129316741066
CCOC(=O)N1CCN(C(=O)c2ccccc2)CC1,,0.8131268100703103,1.6009000000000002,1.588748943524516,0.0,O=C(c1ccccc1)N1CCNCC1,1.588748943524516,CCOC(=O)N1CCN(C(=O)c2ccccc2)CC1,0.8131268100703103,262.309,1.6009000000000002,49.85,3.0,0.0,2.0,19.0,1.0,0.4285714285714285,O=C(c1ccccc1)N1CCNCC1,0,True,1.588748943524516,-0.9751721334542055
COc1ccc(C(=O)NCCOc2ccccc2)cc1OC,,0.7984185474726768,2.512600000000001,1.539420060483458,0.0,O=C(NCCOc1ccccc1)c1ccccc1,1.539420060483458,COc1ccc(C(=O)NCCOc2ccccc2)cc1OC,0.7984185474726768,301.34200000000004,2.512600000000001,56.790000000000006,4.0,1.0,7.0,22.0,2.0,0.2352941176470588,O=C(NCCOc1ccccc1)c1ccccc1,0,True,1.539420060483458,-0.9973015130107816
Cc1cccc(CNC(=O)CNC(=O)CCc2ccccc2)c1,,0.8246143390596968,2.36022,1.6470180946521538,0.0,O=C(CCc1ccccc1)NCC(=O)NCc1ccccc1,1.6470180946521538,Cc1cccc(CNC(=O)CNC(=O)CCc2ccccc2)c1,0.8246143390596968,310.397,2.36022,58.2,2.0,2.0,7.0,23.0,2.0,0.2631578947368421,O=C(CCc1ccccc1)NCC(=O)NCc1ccccc1,0,True,1.6470180946521538,-1.002513755592457
Cc1ccc(O)c(C(=O)N2CCN(c3ccccn3)CC2)c1,,0.9215960101532796,2.05802,1.9003585220219208,0.0,O=C(c1ccccc1)N1CCN(c2ccccn2)CC1,1.9003585220219208,Cc1ccc(O)c(C(=O)N2CCN(c3ccccn3)CC2)c1,0.9215960101532796,297.35800000000006,2.05802,56.67,4.0,1.0,2.0,22.0,2.0,0.2941176470588235,O=C(c1ccccc1)N1CCN(c2ccccn2)CC1,0,True,1.9003585220219208,-1.0077725118686411
CCCCCNC(=O)N1CCN(C(=O)c2ccccc2)CC1,,0.8489497307921384,2.3442000000000007,1.7160156648790643,0.0,O=C(c1ccccc1)N1CCNCC1,1.7160156648790643,CCCCCNC(=O)N1CCN(C(=O)c2ccccc2)CC1,0.8489497307921384,303.40600000000006,2.3442000000000007,52.650000000000006,2.0,1.0,5.0,22.0,1.0,0.5294117647058824,O=C(c1ccccc1)N1CCNCC1,0,True,1.7160156648790643,-1.0391659340869261
Cc1ccc(NC(=O)COc2ccc(F)cc2)cc1,,0.9155512434399602,3.151620000000001,1.3860463794219535,0.0,O=C(COc1ccccc1)Nc1ccccc1,1.3860463794219535,Cc1ccc(NC(=O)COc2ccc(F)cc2)cc1,0.9155512434399602,259.28000000000003,3.151620000000001,38.33,2.0,1.0,4.0,19.0,2.0,0.1333333333333333,O=C(COc1ccccc1)Nc1ccccc1,0,True,1.3860463794219535,-1.046305135981994
Cc1ccccc1C(=O)NC1CCCC1,,0.786273488374675,2.667420000000001,1.504499487319121,0.0,O=C(NC1CCCC1)c1ccccc1,1.504499487319121,Cc1ccccc1C(=O)NC1CCCC1,0.786273488374675,203.285,2.667420000000001,29.1,1.0,1.0,2.0,15.0,1.0,0.4615384615384615,O=C(NC1CCCC1)c1ccccc1,0,True,1.504499487319121,-1.0519359989444466
CCn1cc(C(=O)NCCc2cccc(F)c2)cn1,,0.8946564819178727,2.0146,1.954515610191184,0.0,O=C(NCCc1ccccc1)c1cn[nH]c1,1.954515610191184,CCn1cc(C(=O)NCCc2cccc(F)c2)cn1,0.8946564819178727,261.3,2.0146,46.92,3.0,1.0,5.0,19.0,2.0,0.2857142857142857,O=C(NCCc1ccccc1)c1cn[nH]c1,0,True,1.954515610191184,-1.0671591282733115
Cc1ccccc1C(=O)NCCC(=O)N1CCN(c2ccccc2)CC1,,0.9003008853087934,2.4637200000000004,1.7669470279252,0.0,O=C(NCCC(=O)N1CCN(c2ccccc2)CC1)c1ccccc1,1.7669470279252,Cc1ccccc1C(=O)NCCC(=O)N1CCN(c2ccccc2)CC1,0.9003008853087934,351.45000000000005,2.4637200000000004,52.650000000000006,3.0,1.0,5.0,26.0,2.0,0.3333333333333333,O=C(NCCC(=O)N1CCN(c2ccccc2)CC1)c1ccccc1,0,True,1.7669470279252,-1.0985061426164067
Cc1ccc(CCC(=O)NCCC(=O)N2CCCCC2)cc1,,0.877250540011638,2.4464200000000007,1.7537563242197258,0.0,O=C(CCc1ccccc1)NCCC(=O)N1CCCCC1,1.7537563242197258,Cc1ccc(CCC(=O)NCCC(=O)N2CCCCC2)cc1,0.877250540011638,302.418,2.4464200000000007,49.41,2.0,1.0,6.0,22.0,1.0,0.5555555555555556,O=C(CCc1ccccc1)NCCC(=O)N1CCCCC1,0,True,1.7537563242197258,-1.099715784208088
Cc1ccccc1CCNC(=O)N1CCC(CO)CC1,,0.8829115597064743,1.95142,1.959671260978484,0.0,O=C(NCCc1ccccc1)N1CCCCC1,1.959671260978484,Cc1ccccc1CCNC(=O)N1CCC(CO)CC1,0.8829115597064743,276.38000000000005,1.95142,52.57000000000001,2.0,2.0,4.0,20.0,1.0,0.5625,O=C(NCCc1ccccc1)N1CCCCC1,0,True,1.959671260978484,-1.10104970127201
Cc1ccccc1OCC(=O)NCC(=O)N1CCN(c2ccc(F)cc2)CC1,,0.8261037627489743,1.97792,1.925187929278048,0.0,O=C(COc1ccccc1)NCC(=O)N1CCN(c2ccccc2)CC1,1.925187929278048,Cc1ccccc1OCC(=O)NCC(=O)N1CCN(c2ccc(F)cc2)CC1,0.8261037627489743,385.4390000000001,1.97792,61.88,4.0,1.0,6.0,28.0,2.0,0.3333333333333333,O=C(COc1ccccc1)NCC(=O)N1CCN(c2ccccc2)CC1,0,True,1.925187929278048,-1.1101241665290735
Cc1ccc(CNC(=O)Cc2cccc(F)c2)cc1,,0.895972607820903,2.9930200000000013,1.5197771486527234,0.0,O=C(Cc1ccccc1)NCc1ccccc1,1.5197771486527234,Cc1ccc(CNC(=O)Cc2cccc(F)c2)cc1,0.895972607820903,257.308,2.9930200000000013,29.1,1.0,1.0,4.0,19.0,2.0,0.1875,O=C(Cc1ccccc1)NCc1ccccc1,0,True,1.5197771486527234,-1.1203145408318211
COc1ccc(CCNC(=O)c2cc(C)n(C)n2)cc1,,0.9019631346598042,1.70962,1.8825270591277,0.0,O=C(NCCc1ccccc1)c1cc[nH]n1,1.8825270591277,COc1ccc(CCNC(=O)c2cc(C)n(C)n2)cc1,0.9019631346598042,273.336,1.70962,56.15,4.0,1.0,5.0,20.0,2.0,0.3333333333333333,O=C(NCCc1ccccc1)c1cc[nH]n1,0,True,1.8825270591277,-1.1257539244678958
Cn1cc(C(=O)NCc2ccc(C3CC3)cc2)cn1,,0.9102916643707144,2.2275,1.929192533268108,0.0,O=C(NCc1ccc(C2CC2)cc1)c1cn[nH]c1,1.929192533268108,Cn1cc(C(=O)NCc2ccc(C3CC3)cc2)cn1,0.9102916643707144,255.321,2.2275,46.92,3.0,1.0,4.0,19.0,2.0,0.3333333333333333,O=C(NCc1ccc(C2CC2)cc1)c1cn[nH]c1,0,True,1.929192533268108,-1.1326508688973935
Cc1ccccc1C(=O)NCCNC(=O)c1ccc(F)cc1F,,0.8320243553101395,2.433020000000001,1.7644873691276803,0.0,O=C(NCCNC(=O)c1ccccc1)c1ccccc1,1.7644873691276803,Cc1ccccc1C(=O)NCCNC(=O)c1ccc(F)cc1F,0.8320243553101395,318.323,2.433020000000001,58.2,2.0,2.0,5.0,23.0,2.0,0.1764705882352941,O=C(NCCNC(=O)c1ccccc1)c1ccccc1,0,True,1.7644873691276803,-1.1489730138175411
Cc1ccc(C(=O)NCCN2CCc3ccccc32)cn1,,0.9340321591996188,2.18252,1.994376281214009,0.0,O=C(NCCN1CCc2ccccc21)c1cccnc1,1.994376281214009,Cc1ccc(C(=O)NCCN2CCc3ccccc32)cn1,0.9340321591996188,281.359,2.18252,45.23,3.0,1.0,4.0,21.0,2.0,0.2941176470588235,O=C(NCCN1CCc2ccccc21)c1cccnc1,0,True,1.994376281214009,-1.15160412201439
COc1ccccc1C(=O)NCCCOc1ccccc1,,0.7957102194860104,2.894100000000001,1.5022817036604152,0.0,O=C(NCCCOc1ccccc1)c1ccccc1,1.5022817036604152,COc1ccccc1C(=O)NCCCOc1ccccc1,0.7957102194860104,285.343,2.894100000000001,47.56,3.0,1.0,7.0,21.0,2.0,0.2352941176470588,O=C(NCCCOc1ccccc1)c1ccccc1,0,True,1.5022817036604152,-1.1536214841744052
Cc1ccc(NC(=O)NCCNC(=O)Cc2ccccc2)cc1,,0.7173135302894061,2.4754200000000006,1.6352027100367683,0.0,O=C(Cc1ccccc1)NCCNC(=O)Nc1ccccc1,1.6352027100367683,Cc1ccc(NC(=O)NCCNC(=O)Cc2ccccc2)cc1,0.7173135302894061,311.385,2.4754200000000006,70.23,2.0,3.0,6.0,23.0,2.0,0.2222222222222222,O=C(Cc1ccccc1)NCCNC(=O)Nc1ccccc1,0,True,1.6352027100367683,-1.1555991797473624
CCOc1ccc(C(=O)NCc2cccc(F)c2)cc1,,0.9084214771086202,3.1544000000000016,1.488370046403583,0.0,O=C(NCc1ccccc1)c1ccccc1,1.488370046403583,CCOc1ccc(C(=O)NCc2cccc(F)c2)cc1,0.9084214771086202,273.307,3.1544000000000016,38.33,2.0,1.0,5.0,20.0,2.0,0.1875,O=C(NCc1ccccc1)c1ccccc1,0,True,1.488370046403583,-1.1571485692949635
Cc1cc(NC(=O)c2ccc(N3CCOCC3)cc2)on1,,0.9357037162139916,2.07192,2.077021930646545,0.0,O=C(Nc1ccno1)c1ccc(N2CCOCC2)cc1,2.077021930646545,Cc1cc(NC(=O)c2ccc(N3CCOCC3)cc2)on1,0.9357037162139916,287.319,2.07192,67.60000000000001,5.0,1.0,3.0,21.0,2.0,0.3333333333333333,O=C(Nc1ccno1)c1ccc(N2CCOCC2)cc1,0,True,2.077021930646545,-1.1772782144325533
Cc1cccc(CNC(=O)Cc2cccc(F)c2)c1,,0.895972607820903,2.9930200000000013,1.5784950973706715,0.0,O=C(Cc1ccccc1)NCc1ccccc1,1.5784950973706715,Cc1cccc(CNC(=O)Cc2cccc(F)c2)c1,0.895972607820903,257.308,2.9930200000000013,29.1,1.0,1.0,4.0,19.0,2.0,0.1875,O=C(Cc1ccccc1)NCc1ccccc1,0,True,1.5784950973706715,-1.179032489549769
Cc1ccc(C(=O)N2CCN(c3ccc(F)cc3)CC2)cn1,,0.8546321826088874,2.4915200000000004,1.8107475330109324,0.0,O=C(c1cccnc1)N1CCN(c2ccccc2)CC1,1.8107475330109324,Cc1ccc(C(=O)N2CCN(c3ccc(F)cc3)CC2)cn1,0.8546321826088874,299.3490000000001,2.4915200000000004,36.440000000000005,3.0,0.0,2.0,22.0,2.0,0.2941176470588235,O=C(c1cccnc1)N1CCN(c2ccccc2)CC1,0,True,1.8107475330109324,-1.2018753504020452
CC(C)CC(=O)N1CC(NC(=O)c2cccc(Cl)c2)C1,,0.9263790695531944,2.3267,1.9666542569299,0.0,O=C(NC1CNC1)c1ccccc1,1.9666542569299,CC(C)CC(=O)N1CC(NC(=O)c2cccc(Cl)c2)C1,0.9263790695531944,294.78200000000004,2.3267,49.41,2.0,1.0,4.0,20.0,1.0,0.4666666666666667,O=C(NC1CNC1)c1ccccc1,0,True,1.9666542569299,-1.2036251873767057
Cc1cccc(CNC(=O)C(=O)NCC2CCCCC2)c1,,0.8353130526309913,2.30772,1.8870828512014004,0.0,O=C(NCc1ccccc1)C(=O)NCC1CCCCC1,1.8870828512014004,Cc1cccc(CNC(=O)C(=O)NCC2CCCCC2)c1,0.8353130526309913,288.391,2.30772,58.2,2.0,2.0,4.0,21.0,1.0,0.5294117647058824,O=C(NCc1ccccc1)C(=O)NCC1CCCCC1,0,True,1.8870828512014004,-1.2056297985704092
CCc1ccccc1C(N)=O,,0.6772075564094467,1.3479,1.5575664901433832,0.0,c1ccccc1,1.5575664901433832,CCc1ccccc1C(N)=O,0.6772075564094467,149.19299999999996,1.3479,43.09,1.0,1.0,2.0,11.0,1.0,0.2222222222222222,c1ccccc1,0,True,1.5575664901433832,-1.2064089337339365
Cc1cccc(N2CCN(C(=O)Cc3ccccc3)CC2)c1,,0.868811692450553,2.8863200000000013,1.6423791264175254,0.0,O=C(Cc1ccccc1)N1CCN(c2ccccc2)CC1,1.6423791264175254,Cc1cccc(N2CCN(C(=O)Cc3ccccc3)CC2)c1,0.868811692450553,294.3980000000001,2.8863200000000013,23.55,2.0,0.0,3.0,22.0,2.0,0.3157894736842105,O=C(Cc1ccccc1)N1CCN(c2ccccc2)CC1,0,True,1.6423791264175254,-1.2167274339669731
Cc1ccc(CNC(=O)N2CCN(c3ccccc3)CC2)cc1,,0.945755400488982,3.0268200000000016,1.6565834009876106,0.0,O=C(NCc1ccccc1)N1CCN(c2ccccc2)CC1,1.6565834009876106,Cc1ccc(CNC(=O)N2CCN(c3ccccc3)CC2)cc1,0.945755400488982,309.41300000000007,3.0268200000000016,35.580000000000005,2.0,1.0,3.0,23.0,2.0,0.3157894736842105,O=C(NCc1ccccc1)N1CCN(c2ccccc2)CC1,0,True,1.6565834009876106,-1.2242380004986293
O=C(NC1CCCCCC1)c1ccccn1,,0.7749718243086745,2.5342,1.7330234344318,0.0,O=C(NC1CCCCCC1)c1ccccn1,1.7330234344318,O=C(NC1CCCCCC1)c1ccccn1,0.7749718243086745,218.30000000000004,2.5342,41.99,2.0,1.0,2.0,16.0,1.0,0.5384615384615384,O=C(NC1CCCCCC1)c1ccccn1,0,True,1.7330234344318,-1.2251516101231255
Cc1ncccc1C(=O)NCC1CCN(C(=O)c2ccccn2)CC1,,0.9258811737552411,2.06722,2.133164697715104,0.0,O=C(NCC1CCN(C(=O)c2ccccn2)CC1)c1cccnc1,2.133164697715104,Cc1ncccc1C(=O)NCC1CCN(C(=O)c2ccccn2)CC1,0.9258811737552411,338.41100000000006,2.06722,75.19,4.0,1.0,4.0,25.0,2.0,0.3684210526315789,O=C(NCC1CCN(C(=O)c2ccccn2)CC1)c1cccnc1,0,True,2.133164697715104,-1.2408935239598629
CCc1cc(C(=O)N2CCN(c3ccccc3)CC2)on1,,0.8672132354149407,2.1994,2.0130390807095964,0.0,O=C(c1ccno1)N1CCN(c2ccccc2)CC1,2.0130390807095964,CCc1cc(C(=O)N2CCN(c3ccccc3)CC2)on1,0.8672132354149407,285.347,2.1994,49.580000000000005,4.0,0.0,3.0,21.0,2.0,0.375,O=C(c1ccno1)N1CCN(c2ccccc2)CC1,0,True,2.0130390807095964,-1.2455258452946556
Cc1ccc(C(=O)N2CCN(c3ccc(F)cc3)CC2)nc1,,0.8546321826088874,2.4915200000000004,1.8587936868570871,0.0,O=C(c1ccccn1)N1CCN(c2ccccc2)CC1,1.8587936868570871,Cc1ccc(C(=O)N2CCN(c3ccc(F)cc3)CC2)nc1,0.8546321826088874,299.3490000000001,2.4915200000000004,36.440000000000005,3.0,0.0,2.0,22.0,2.0,0.2941176470588235,O=C(c1ccccn1)N1CCN(c2ccccc2)CC1,0,True,1.8587936868570871,-1.2499215042482
Cc1ccccc1C=O,,0.5163635148900696,1.80752,1.6762827764563255,0.0,c1ccccc1,1.6762827764563255,Cc1ccccc1C=O,0.5163635148900696,120.15099999999998,1.80752,17.07,1.0,0.0,1.0,9.0,1.0,0.125,c1ccccc1,0,True,1.6762827764563255,-1.256159261566256
O=C(CCc1ccccc1)Nc1cccc(C(=O)[O-])c1,,0.895489633316145,1.6214000000000002,1.963822677982531,0.0,O=C(CCc1ccccc1)Nc1ccccc1,1.963822677982531,O=C(CCc1ccccc1)Nc1cccc(C(=O)[O-])c1,0.895489633316145,268.292,1.6214000000000002,69.23,3.0,1.0,5.0,20.0,2.0,0.125,O=C(CCc1ccccc1)Nc1ccccc1,0,True,1.963822677982531,-1.257633044666386
CCn1cc(NC(=O)NCCc2ccc(F)cc2)cn1,,0.8806813978283741,2.4063000000000008,1.9377749047031767,0.0,O=C(NCCc1ccccc1)Nc1cn[nH]c1,1.9377749047031767,CCn1cc(NC(=O)NCCc2ccc(F)cc2)cn1,0.8806813978283741,276.315,2.4063000000000008,58.95,3.0,2.0,5.0,20.0,2.0,0.2857142857142857,O=C(NCCc1ccccc1)Nc1cn[nH]c1,0,True,1.9377749047031767,-1.260243506874803
CCc1ccc(CNC(=O)Cc2ccc(F)cc2)cc1,,0.8883233904497483,3.2470000000000017,1.5257085079420456,0.0,O=C(Cc1ccccc1)NCc1ccccc1,1.5257085079420456,CCc1ccc(CNC(=O)Cc2ccc(F)cc2)cc1,0.8883233904497483,271.335,3.2470000000000017,29.1,1.0,1.0,5.0,20.0,2.0,0.2352941176470588,O=C(Cc1ccccc1)NCc1ccccc1,0,True,1.5257085079420456,-1.2608851174922981
COc1ccc(OCCCNC(=O)C(=O)NCCc2ccccc2)cc1,,0.5317514604836838,1.9392,1.772420874079046,0.0,O=C(NCCCOc1ccccc1)C(=O)NCCc1ccccc1,1.772420874079046,COc1ccc(OCCCNC(=O)C(=O)NCCc2ccccc2)cc1,0.5317514604836838,356.422,1.9392,76.66,4.0,2.0,9.0,26.0,2.0,0.3,O=C(NCCCOc1ccccc1)C(=O)NCCc1ccccc1,0,True,1.772420874079046,-1.271069413595362
CC(C)CNC(=O)N1CCN(c2ccc(F)c(F)c2)CC1,,0.9299765290326428,2.452400000000001,1.9775258485488791,0.0,c1ccc(N2CCNCC2)cc1,1.9775258485488791,CC(C)CNC(=O)N1CCN(c2ccc(F)c(F)c2)CC1,0.9299765290326428,297.34900000000005,2.452400000000001,35.580000000000005,2.0,1.0,3.0,21.0,1.0,0.5333333333333333,c1ccc(N2CCNCC2)cc1,0,True,1.9775258485488791,-1.2737493195162366
Cc1ccccc1C(=O)NC1CC(NC(=O)c2cccn2C)C1,,0.9072389574932032,2.02432,2.173764532589217,0.0,O=C(NC1CC(NC(=O)c2ccc[nH]2)C1)c1ccccc1,2.173764532589217,Cc1ccccc1C(=O)NC1CC(NC(=O)c2cccn2C)C1,0.9072389574932032,311.38500000000005,2.02432,63.13,3.0,2.0,4.0,23.0,2.0,0.3333333333333333,O=C(NC1CC(NC(=O)c2ccc[nH]2)C1)c1ccccc1,0,True,2.173764532589217,-1.2786855750960138
Cc1cccc(CNC(=O)C(=O)NCCc2ccc(C)o2)c1,,0.8281407405840236,1.87154,2.045034771578816,0.0,O=C(NCCc1ccco1)C(=O)NCc1ccccc1,2.045034771578816,Cc1cccc(CNC(=O)C(=O)NCCc2ccc(C)o2)c1,0.8281407405840236,300.35800000000006,1.87154,71.34,3.0,2.0,5.0,22.0,2.0,0.2941176470588235,O=C(NCCc1ccco1)C(=O)NCc1ccccc1,0,True,2.045034771578816,-1.2811240309947924
Cc1nc(CCC(=O)NC2CCN(c3ccccc3)CC2)no1,,0.9148305913525948,2.09582,2.1482520577040294,0.0,O=C(CCc1ncon1)NC1CCN(c2ccccc2)CC1,2.1482520577040294,Cc1nc(CCC(=O)NC2CCN(c3ccccc3)CC2)no1,0.9148305913525948,314.3890000000001,2.09582,71.26,5.0,1.0,5.0,23.0,2.0,0.4705882352941176,O=C(CCc1ncon1)NC1CCN(c2ccccc2)CC1,0,True,2.1482520577040294,-1.2813314663514346
Cc1ccc(C(=O)N2CCC(C(=O)NCc3ccccc3)CC2)cc1,,0.9322237141513168,3.1636200000000017,1.6350166207920278,0.0,O=C(NCc1ccccc1)C1CCN(C(=O)c2ccccc2)CC1,1.6350166207920278,Cc1ccc(C(=O)N2CCC(C(=O)NCc3ccccc3)CC2)cc1,0.9322237141513168,336.4350000000001,3.1636200000000017,49.41,2.0,1.0,4.0,25.0,2.0,0.3333333333333333,O=C(NCc1ccccc1)C1CCN(C(=O)c2ccccc2)CC1,0,True,1.6350166207920278,-1.2846029066407119
COc1ccc(NC(=O)C(=O)N2CCC(NC(=O)c3ccc(F)cc3)CC2)cc1,,0.7719093557920493,2.1937999999999995,1.9610634205831392,0.0,O=C(Nc1ccccc1)C(=O)N1CCC(NC(=O)c2ccccc2)CC1,1.9610634205831392,COc1ccc(NC(=O)C(=O)N2CCC(NC(=O)c3ccc(F)cc3)CC2)cc1,0.7719093557920493,399.42200000000014,2.1937999999999995,87.74000000000001,4.0,2.0,4.0,29.0,2.0,0.2857142857142857,O=C(Nc1ccccc1)C(=O)N1CCC(NC(=O)c2ccccc2)CC1,0,True,1.9610634205831392,-1.2860540647910896
COc1ccc(CNC(=O)C(=O)NCC2(c3ccccc3)CC2)cc1,,0.7933525423541674,2.1594,2.004997281680435,0.0,O=C(NCc1ccccc1)C(=O)NCC1(c2ccccc2)CC1,2.004997281680435,COc1ccc(CNC(=O)C(=O)NCC2(c3ccccc3)CC2)cc1,0.7933525423541674,338.4070000000001,2.1594,67.42999999999999,3.0,2.0,6.0,25.0,2.0,0.3,O=C(NCc1ccccc1)C(=O)NCC1(c2ccccc2)CC1,0,True,2.004997281680435,-1.2913447393262676
COC(=O)c1csc(NC(=O)CC2CCC2)n1,,0.8349627652730826,2.0584,2.0974279566359737,0.0,O=C(CC1CCC1)Nc1nccs1,2.0974279566359737,COC(=O)c1csc(NC(=O)CC2CCC2)n1,0.8349627652730826,254.31099999999995,2.0584,68.28999999999999,5.0,1.0,4.0,17.0,1.0,0.5454545454545454,O=C(CC1CCC1)Nc1nccs1,0,True,2.0974279566359737,-1.291665191362891
Cc1ccc(CNC(=O)Cc2ccc(Cl)cc2)cc1,,0.9074863638538168,3.5073200000000018,1.4495720204475937,0.0,O=C(Cc1ccccc1)NCc1ccccc1,1.4495720204475937,Cc1ccc(CNC(=O)Cc2ccc(Cl)cc2)cc1,0.9074863638538168,273.76300000000003,3.5073200000000018,29.1,1.0,1.0,4.0,19.0,2.0,0.1875,O=C(Cc1ccccc1)NCc1ccccc1,0,True,1.4495720204475937,-1.2957456565937777
CCOC(=O)c1cccc(N)c1,,0.5326180793674542,1.4455,1.5548716313379085,0.0,c1ccccc1,1.5548716313379085,CCOC(=O)c1cccc(N)c1,0.5326180793674542,165.19199999999998,1.4455,52.32,3.0,1.0,2.0,12.0,1.0,0.2222222222222222,c1ccccc1,0,True,1.5548716313379085,-1.2995035519704543
Cc1cc(NC(=O)c2ccc(F)cc2)ccc1C(=O)N1CCOCC1,,0.933059190634123,2.8588200000000006,1.80765643661001,0.0,O=C(Nc1ccc(C(=O)N2CCOCC2)cc1)c1ccccc1,1.80765643661001,Cc1cc(NC(=O)c2ccc(F)cc2)ccc1C(=O)N1CCOCC1,0.933059190634123,342.37000000000023,2.8588200000000006,58.64,3.0,1.0,3.0,25.0,2.0,0.2631578947368421,O=C(Nc1ccc(C(=O)N2CCOCC2)cc1)c1ccccc1,0,True,1.80765643661001,-1.3040072459758874
CCc1noc(CNC(=O)Cc2ccc(C)cc2C)n1,,0.905569084014602,2.10774,2.1604885975892394,0.0,O=C(Cc1ccccc1)NCc1ncno1,2.1604885975892394,CCc1noc(CNC(=O)Cc2ccc(C)cc2C)n1,0.905569084014602,273.336,2.10774,68.02000000000001,4.0,1.0,5.0,20.0,2.0,0.4,O=C(Cc1ccccc1)NCc1ncno1,0,True,2.1604885975892394,-1.3087895135746375
CCOc1ncccc1C(=O)N1CCC(NC(=O)c2ccccc2)CC1,,0.8965179022234162,2.514900000000001,1.953559951002121,0.0,O=C(NC1CCN(C(=O)c2cccnc2)CC1)c1ccccc1,1.953559951002121,CCOc1ncccc1C(=O)N1CCC(NC(=O)c2ccccc2)CC1,0.8965179022234162,353.4220000000001,2.514900000000001,71.53,4.0,1.0,5.0,26.0,2.0,0.35,O=C(NC1CCN(C(=O)c2cccnc2)CC1)c1ccccc1,0,True,1.953559951002121,-1.3144920487787053
CCOc1ccc(C(=O)CN)cc1,,0.7070303950722877,1.2267,1.655139750008825,0.0,c1ccccc1,1.655139750008825,CCOc1ccc(C(=O)CN)cc1,0.7070303950722877,179.21899999999997,1.2267,52.32,3.0,1.0,4.0,13.0,1.0,0.3,c1ccccc1,0,True,1.655139750008825,-1.3347593549365373
Cc1ccc(C(=O)N2CCC(CNC(=O)c3ccco3)CC2)cn1,,0.934486055478566,2.26522,2.1409070514816566,0.0,O=C(NCC1CCN(C(=O)c2cccnc2)CC1)c1ccco1,2.1409070514816566,Cc1ccc(C(=O)N2CCC(CNC(=O)c3ccco3)CC2)cn1,0.934486055478566,327.3840000000001,2.26522,75.44,4.0,1.0,4.0,24.0,2.0,0.3888888888888889,O=C(NCC1CCN(C(=O)c2cccnc2)CC1)c1ccco1,0,True,2.1409070514816566,-1.3390309960030906
CC1(C)CC(NC(=O)c2ccc(F)cc2)C1,,0.8170332622212979,2.7441000000000013,1.7881706578170269,0.0,O=C(NC1CCC1)c1ccccc1,1.7881706578170269,CC1(C)CC(NC(=O)c2ccc(F)cc2)C1,0.8170332622212979,221.275,2.7441000000000013,29.1,1.0,1.0,2.0,16.0,1.0,0.4615384615384615,O=C(NC1CCC1)c1ccccc1,0,True,1.7881706578170269,-1.3431873955957296
Cc1ccc(NC(=O)c2ccc(-n3cncn3)cc2)cc1,,0.8010610803932717,2.8280200000000013,1.7325682105961029,0.0,O=C(Nc1ccccc1)c1ccc(-n2cncn2)cc1,1.7325682105961029,Cc1ccc(NC(=O)c2ccc(-n3cncn3)cc2)cc1,0.8010610803932717,278.31500000000005,2.8280200000000013,59.81,4.0,1.0,3.0,21.0,3.0,0.0625,O=C(Nc1ccccc1)c1ccc(-n2cncn2)cc1,0,True,1.7325682105961029,-1.3455171302028317
CCNC(=O)Nc1cccc(C(F)(F)F)c1,,0.8083199032098983,2.846800000000001,1.7367144860817838,0.0,c1ccccc1,1.7367144860817838,CCNC(=O)Nc1cccc(C(F)(F)F)c1,0.8083199032098983,232.205,2.846800000000001,41.13,1.0,2.0,2.0,16.0,1.0,0.3,c1ccccc1,0,True,1.7367144860817838,-1.3517945828718858
CCc1ccc(C(=O)OCCN2CCOC2=O)cc1,,0.7607918276044894,1.858,2.0427284307040043,0.0,O=C(OCCN1CCOC1=O)c1ccccc1,2.0427284307040043,CCc1ccc(C(=O)OCCN2CCOC2=O)cc1,0.7607918276044894,263.2929999999999,1.858,55.84,4.0,0.0,5.0,19.0,1.0,0.4285714285714285,O=C(OCCN1CCOC1=O)c1ccccc1,0,True,2.0427284307040043,-1.352936603099515
Cc1ccccc1C(=O)NCCNC(=O)N1CCN(c2ccc(F)cc2)CC1,,0.7783918812352938,2.3957200000000007,1.936206006201124,0.0,O=C(NCCNC(=O)N1CCN(c2ccccc2)CC1)c1ccccc1,1.936206006201124,Cc1ccccc1C(=O)NCCNC(=O)N1CCN(c2ccc(F)cc2)CC1,0.7783918812352938,384.4550000000001,2.3957200000000007,64.68,3.0,2.0,5.0,28.0,2.0,0.3333333333333333,O=C(NCCNC(=O)N1CCN(c2ccccc2)CC1)c1ccccc1,0,True,1.936206006201124,-1.3556741249658306
CCN(CCN)c1ccccc1,,0.7298658531540031,1.4715999999999998,1.8260325116340823,0.0,c1ccccc1,1.8260325116340823,CCN(CCN)c1ccccc1,0.7298658531540031,164.252,1.4715999999999998,29.26,2.0,1.0,4.0,12.0,1.0,0.4,c1ccccc1,0,True,1.8260325116340823,-1.3603666584800793
Cc1cccc(C(=O)N2CC(CNC(=O)c3ccc(F)cc3F)C2)n1,,0.9237786843717576,2.1702200000000005,2.199533510424134,0.0,O=C(NCC1CN(C(=O)c2ccccn2)C1)c1ccccc1,2.199533510424134,Cc1cccc(C(=O)N2CC(CNC(=O)c3ccc(F)cc3F)C2)n1,0.9237786843717576,345.34900000000005,2.1702200000000005,62.3,3.0,1.0,4.0,25.0,2.0,0.2777777777777778,O=C(NCC1CN(C(=O)c2ccccn2)C1)c1ccccc1,0,True,2.199533510424134,-1.3608648260523766
COc1cc(F)cc(CNC(=O)C(=O)N2CCN(c3ccccc3F)CC2)c1,,0.8122922131825279,1.9384,2.148891867934328,0.0,O=C(NCc1ccccc1)C(=O)N1CCN(c2ccccc2)CC1,2.148891867934328,COc1cc(F)cc(CNC(=O)C(=O)N2CCN(c3ccccc3F)CC2)c1,0.8122922131825279,389.4020000000001,1.9384,61.88,4.0,1.0,4.0,28.0,2.0,0.3,O=C(NCc1ccccc1)C(=O)N1CCN(c2ccccc2)CC1,0,True,2.148891867934328,-1.3673996547518001
Cc1ccc(OCCNC(=O)N2CCN(c3ccccc3)CC2)cc1,,0.8521346773436899,2.9056200000000016,1.7669024479785378,0.0,O=C(NCCOc1ccccc1)N1CCN(c2ccccc2)CC1,1.7669024479785378,Cc1ccc(OCCNC(=O)N2CCN(c3ccccc3)CC2)cc1,0.8521346773436899,339.4390000000001,2.9056200000000016,44.81,3.0,1.0,5.0,25.0,2.0,0.35,O=C(NCCOc1ccccc1)N1CCN(c2ccccc2)CC1,0,True,1.7669024479785378,-1.3675777706348486
Cc1cc(C(=O)N2CCCN(c3ccc(F)cc3)CC2)no1,,0.8549857235212542,2.4746200000000007,1.991767313230716,0.0,O=C(c1ccon1)N1CCCN(c2ccccc2)CC1,1.991767313230716,Cc1cc(C(=O)N2CCCN(c3ccc(F)cc3)CC2)no1,0.8549857235212542,303.3370000000001,2.4746200000000007,49.580000000000005,4.0,0.0,2.0,22.0,2.0,0.375,O=C(c1ccon1)N1CCCN(c2ccccc2)CC1,0,True,1.991767313230716,-1.374091589709462
Cc1cc(C(=O)NCc2ccccc2C)ccc1F,,0.8970123690196269,3.3725400000000025,1.5940678114490456,0.0,O=C(NCc1ccccc1)c1ccccc1,1.5940678114490456,Cc1cc(C(=O)NCc2ccccc2C)ccc1F,0.8970123690196269,257.30800000000005,3.3725400000000025,29.1,1.0,1.0,3.0,19.0,2.0,0.1875,O=C(NCc1ccccc1)c1ccccc1,0,True,1.5940678114490456,-1.38332544242942
COc1cccc(C(=O)N2CCC(n3cccn3)CC2)c1,,0.8695364293085814,2.369,2.077067327872271,0.0,O=C(c1ccccc1)N1CCC(n2cccn2)CC1,2.077067327872271,COc1cccc(C(=O)N2CCC(n3cccn3)CC2)c1,0.8695364293085814,285.34700000000004,2.369,47.36,4.0,0.0,3.0,21.0,2.0,0.375,O=C(c1ccccc1)N1CCC(n2cccn2)CC1,0,True,2.077067327872271,-1.3920308985636898
NC(=O)C1(c2ccccc2)CCC1,,0.7284155076555924,1.5936,1.917443596162672,0.0,c1ccc(C2CCC2)cc1,1.917443596162672,NC(=O)C1(c2ccccc2)CCC1,0.7284155076555924,175.23099999999994,1.5936,43.09,1.0,1.0,2.0,13.0,1.0,0.3636363636363636,c1ccc(C2CCC2)cc1,0,True,1.917443596162672,-1.3922280885070795
Cc1ccccc1C(=O)N1CCN(c2cccc(F)c2)CC1,,0.8503613994065067,3.0965200000000017,1.696940939604339,0.0,O=C(c1ccccc1)N1CCN(c2ccccc2)CC1,1.696940939604339,Cc1ccccc1C(=O)N1CCN(c2cccc(F)c2)CC1,0.8503613994065067,298.36100000000005,3.0965200000000017,23.550000000000004,2.0,0.0,2.0,22.0,2.0,0.2777777777777778,O=C(c1ccccc1)N1CCN(c2ccccc2)CC1,0,True,1.696940939604339,-1.394839540197833
CCc1nc(C(=O)N2CCN(c3ccccc3)CC2)cs1,,0.8743125987982396,2.6679000000000013,1.937386873900012,0.0,O=C(c1cscn1)N1CCN(c2ccccc2)CC1,1.937386873900012,CCc1nc(C(=O)N2CCN(c3ccccc3)CC2)cs1,0.8743125987982396,301.415,2.6679000000000013,36.440000000000005,4.0,0.0,3.0,21.0,2.0,0.375,O=C(c1cscn1)N1CCN(c2ccccc2)CC1,0,True,1.937386873900012,-1.397024275101773
Cc1cccc(C(=O)NCc2nc(C(C)(C)C)no2)n1,,0.92542574778774,2.00052,2.3299146765103185,0.0,O=C(NCc1ncno1)c1ccccn1,2.3299146765103185,Cc1cccc(C(=O)NCc2nc(C(C)(C)C)no2)n1,0.92542574778774,274.324,2.00052,80.91000000000001,5.0,1.0,3.0,20.0,2.0,0.4285714285714285,O=C(NCc1ncno1)c1ccccn1,0,True,2.3299146765103185,-1.4047489287225785
Cc1noc(CCNC(=O)c2cccc3ccccc23)n1,,0.7974874752135629,2.5037200000000004,1.9509742635595333,0.0,O=C(NCCc1ncno1)c1cccc2ccccc12,1.9509742635595333,Cc1noc(CCNC(=O)c2cccc3ccccc23)n1,0.7974874752135629,281.31500000000005,2.5037200000000004,68.02000000000001,4.0,1.0,4.0,21.0,3.0,0.1875,O=C(NCCc1ncno1)c1cccc2ccccc12,0,True,1.9509742635595333,-1.4053467883459705
Cc1ccccc1C(=O)N1CCN(C(=O)OCc2ccccc2)CC1,,0.8640215494815808,3.089620000000002,1.7307396977151033,0.0,O=C(OCc1ccccc1)N1CCN(C(=O)c2ccccc2)CC1,1.7307396977151033,Cc1ccccc1C(=O)N1CCN(C(=O)OCc2ccccc2)CC1,0.8640215494815808,338.40700000000004,3.089620000000002,49.85000000000001,3.0,0.0,3.0,25.0,2.0,0.3,O=C(OCc1ccccc1)N1CCN(C(=O)c2ccccc2)CC1,0,True,1.7307396977151033,-1.4115281482335233
Cc1ccc(N2CCN(C(=O)c3ccccc3)CC2)c(C)c1,,0.8484961832110227,3.2658400000000016,1.628154126417524,0.0,O=C(c1ccccc1)N1CCN(c2ccccc2)CC1,1.628154126417524,Cc1ccc(N2CCN(C(=O)c3ccccc3)CC2)c(C)c1,0.8484961832110227,294.3980000000001,3.2658400000000016,23.55,2.0,0.0,2.0,22.0,2.0,0.3157894736842105,O=C(c1ccccc1)N1CCN(c2ccccc2)CC1,0,True,1.628154126417524,-1.4125779432065022
CCN(CC)C(=O)c1ccc(CNC(=O)C(=O)NCc2ccc(C)cc2)cc1,,0.7231816040026943,2.4096199999999994,1.9331903848993512,0.0,O=C(NCc1ccccc1)C(=O)NCc1ccccc1,1.9331903848993512,CCN(CC)C(=O)c1ccc(CNC(=O)C(=O)NCc2ccc(C)cc2)cc1,0.7231816040026943,381.4760000000001,2.4096199999999994,78.51,3.0,2.0,7.0,28.0,2.0,0.3181818181818182,O=C(NCc1ccccc1)C(=O)NCc1ccccc1,0,True,1.9331903848993512,-1.4148187808966566
CCCn1cc(C(=O)NCCCc2ccccc2)cn1,,0.7869463309659329,2.6557000000000013,1.8834542569299,0.0,O=C(NCCCc1ccccc1)c1cn[nH]c1,1.8834542569299,CCCn1cc(C(=O)NCCCc2ccccc2)cn1,0.7869463309659329,271.364,2.6557000000000013,46.92,3.0,1.0,7.0,20.0,2.0,0.375,O=C(NCCCc1ccccc1)c1cn[nH]c1,0,True,1.8834542569299,-1.4243579259639678
CCc1cc(C(=O)NCCCNC(=O)c2cccc(C)n2)ccn1,,0.7612206877584842,1.89732,2.145970134306761,0.0,O=C(NCCCNC(=O)c1ccccn1)c1ccncc1,2.145970134306761,CCc1cc(C(=O)NCCCNC(=O)c2cccc(C)n2)ccn1,0.7612206877584842,326.40000000000003,1.89732,83.98,4.0,2.0,7.0,24.0,2.0,0.3333333333333333,O=C(NCCCNC(=O)c1ccccn1)c1ccncc1,0,True,2.145970134306761,-1.436089446548277
COc1ccc(C(=O)N2CCC(NC(=O)C3CCCCC3)CC2)cc1,,0.9133578810229074,2.996300000000001,1.8517127746381803,0.0,O=C(NC1CCN(C(=O)c2ccccc2)CC1)C1CCCCC1,1.8517127746381803,COc1ccc(C(=O)N2CCC(NC(=O)C3CCCCC3)CC2)cc1,0.9133578810229074,344.4550000000001,2.996300000000001,58.64,3.0,1.0,4.0,25.0,1.0,0.6,O=C(NC1CCN(C(=O)c2ccccc2)CC1)C1CCCCC1,0,True,1.8517127746381803,-1.4365048936152736
CCCCC(=O)N1CCC(NC(=O)CCc2ccccc2)CC1,,0.8406439023514047,2.9166000000000016,1.8193922205262805,0.0,O=C(CCc1ccccc1)NC1CCNCC1,1.8193922205262805,CCCCC(=O)N1CCC(NC(=O)CCc2ccccc2)CC1,0.8406439023514047,316.4450000000001,2.9166000000000016,49.41,2.0,1.0,7.0,23.0,1.0,0.5789473684210527,O=C(CCc1ccccc1)NC1CCNCC1,0,True,1.8193922205262805,-1.4370483181748765
Cc1cccc(OCC(=O)NC2CCN(C(=O)c3ccc(F)cc3)CC2)c1,,0.8804236322478484,2.9339200000000014,1.8707555322675908,0.0,O=C(COc1ccccc1)NC1CCN(C(=O)c2ccccc2)CC1,1.8707555322675908,Cc1cccc(OCC(=O)NC2CCN(C(=O)c3ccc(F)cc3)CC2)c1,0.8804236322478484,370.4240000000001,2.9339200000000014,58.64,3.0,1.0,5.0,27.0,2.0,0.3333333333333333,O=C(COc1ccccc1)NC1CCN(C(=O)c2ccccc2)CC1,0,True,1.8707555322675908,-1.4572919000197433
CC(C)CCC(=O)N1CC(NC(=O)C2CCCCC2)C1,,0.8400070878042212,2.3299000000000003,2.134198033153675,0.0,O=C(NC1CNC1)C1CCCCC1,2.134198033153675,CC(C)CCC(=O)N1CC(NC(=O)C2CCCCC2)C1,0.8400070878042212,280.41200000000003,2.3299000000000003,49.41,2.0,1.0,5.0,20.0,0.0,0.875,O=C(NC1CNC1)C1CCCCC1,0,True,2.134198033153675,-1.459140945349454
COc1ccc(C(=O)N2CCC(NC(=O)c3ccc(N4CCOCC4)cc3)CC2)cc1,,0.8004924753100051,2.5664,1.9886544728331668,0.0,O=C(NC1CCN(C(=O)c2ccccc2)CC1)c1ccc(N2CCOCC2)cc1,1.9886544728331668,COc1ccc(C(=O)N2CCC(NC(=O)c3ccc(N4CCOCC4)cc3)CC2)cc1,0.8004924753100051,423.5130000000003,2.5664,71.11,5.0,1.0,5.0,31.0,2.0,0.4166666666666667,O=C(NC1CCN(C(=O)c2ccccc2)CC1)c1ccc(N2CCOCC2)cc1,0,True,1.9886544728331668,-1.4713619975231615
Cc1ccc(CNC(=O)NCCCNC(=O)C2CCOCC2)cc1,,0.6649419234246482,1.7271199999999995,2.00010772037798,0.0,O=C(NCCCNC(=O)C1CCOCC1)NCc1ccccc1,2.00010772037798,Cc1ccc(CNC(=O)NCCCNC(=O)C2CCOCC2)cc1,0.6649419234246482,333.43200000000013,1.7271199999999995,79.46000000000001,3.0,3.0,7.0,24.0,1.0,0.5555555555555556,O=C(NCCCNC(=O)C1CCOCC1)NCc1ccccc1,0,True,2.00010772037798,-1.471605796953332
Cc1ccc(CNC(=O)Cc2cccc(Br)c2)cc1,,0.9165040327489428,3.6164200000000015,1.5801053537809278,0.0,O=C(Cc1ccccc1)NCc1ccccc1,1.5801053537809278,Cc1ccc(CNC(=O)Cc2cccc(Br)c2)cc1,0.9165040327489428,318.21400000000006,3.6164200000000015,29.1,1.0,1.0,4.0,19.0,2.0,0.1875,O=C(Cc1ccccc1)NCc1ccccc1,0,True,1.5801053537809278,-1.4718113210319856
Cc1cc(C)cc(C(=O)N2CCN(c3ccccc3)CC2)c1,,0.8484961832110227,3.2658400000000025,1.6888112692746695,0.0,O=C(c1ccccc1)N1CCN(c2ccccc2)CC1,1.6888112692746695,Cc1cc(C)cc(C(=O)N2CCN(c3ccccc3)CC2)c1,0.8484961832110227,294.3980000000001,3.2658400000000025,23.550000000000004,2.0,0.0,2.0,22.0,2.0,0.3157894736842105,O=C(c1ccccc1)N1CCN(c2ccccc2)CC1,0,True,1.6888112692746695,-1.473235086063648
Cn1cc(N2CCN(C(=O)c3ccc(F)cc3F)CC2)cn1,,0.847199845249946,1.6607,2.1521280718269544,0.0,O=C(c1ccccc1)N1CCN(c2cn[nH]c2)CC1,2.1521280718269544,Cn1cc(N2CCN(C(=O)c3ccc(F)cc3F)CC2)cn1,0.847199845249946,306.3160000000001,1.6607,41.370000000000005,4.0,0.0,2.0,22.0,2.0,0.3333333333333333,O=C(c1ccccc1)N1CCN(c2cn[nH]c2)CC1,0,True,2.1521280718269544,-1.4745782265770084
CCOC(=O)C1CCN(C(=O)NCc2ccc(-n3cccn3)cc2)CC1,,0.8346064890262102,2.357,2.1308479510021208,0.0,O=C(NCc1ccc(-n2cccn2)cc1)N1CCCCC1,2.1308479510021208,CCOC(=O)C1CCN(C(=O)NCc2ccc(-n3cccn3)cc2)CC1,0.8346064890262102,356.4260000000001,2.357,76.46000000000001,5.0,1.0,5.0,26.0,2.0,0.4210526315789473,O=C(NCc1ccc(-n2cccn2)cc1)N1CCCCC1,0,True,2.1308479510021208,-1.4747414619759107
Cc1ccc(Cl)c(C(=O)NCc2ccc(F)cc2)c1,,0.9101893980777164,3.717520000000002,1.5262112076754608,0.0,O=C(NCc1ccccc1)c1ccccc1,1.5262112076754608,Cc1ccc(Cl)c(C(=O)NCc2ccc(F)cc2)c1,0.9101893980777164,277.726,3.717520000000002,29.1,1.0,1.0,3.0,19.0,2.0,0.1333333333333333,O=C(NCc1ccccc1)c1ccccc1,0,True,1.5262112076754608,-1.4747818095977454
Cc1cccc(C(=O)N2CCN(c3ccc(Cl)cn3)CC2)c1,,0.8545258945353165,3.0058200000000017,1.8264332472966447,0.0,O=C(c1ccccc1)N1CCN(c2ccccn2)CC1,1.8264332472966447,Cc1cccc(C(=O)N2CCN(c3ccc(Cl)cn3)CC2)c1,0.8545258945353165,315.8040000000001,3.0058200000000017,36.440000000000005,3.0,0.0,2.0,22.0,2.0,0.2941176470588235,O=C(c1ccccc1)N1CCN(c2ccccn2)CC1,0,True,1.8264332472966447,-1.474817352761329
Cn1ccc(C(=O)NCc2ccc(-c3ccccc3)cc2)n1,,0.8029107420287528,3.017100000000001,1.770083934109833,0.0,O=C(NCc1ccc(-c2ccccc2)cc1)c1cc[nH]n1,1.770083934109833,Cn1ccc(C(=O)NCc2ccc(-c3ccccc3)cc2)n1,0.8029107420287528,291.35400000000004,3.017100000000001,46.92,3.0,1.0,4.0,22.0,3.0,0.1111111111111111,O=C(NCc1ccc(-c2ccccc2)cc1)c1cc[nH]n1,0,True,1.770083934109833,-1.4757231920810807
CC(C)(C)OC(=O)N1CCC(C(=O)NCc2ccc(F)cc2)CC1,,0.9226462521735456,3.0890000000000013,1.8549453914026053,0.0,O=C(NCc1ccccc1)C1CCNCC1,1.8549453914026053,CC(C)(C)OC(=O)N1CCC(C(=O)NCc2ccc(F)cc2)CC1,0.9226462521735456,336.4070000000001,3.0890000000000013,58.64,3.0,1.0,3.0,24.0,1.0,0.5555555555555556,O=C(NCc1ccccc1)C1CCNCC1,0,True,1.8549453914026053,-1.4767991392290605
CCc1ccc(C(=O)NC2CCN(C(=O)NCC3CC3)CC2)o1,,0.8731082207438828,2.1558,2.273798234512295,0.0,O=C(NC1CCN(C(=O)NCC2CC2)CC1)c1ccco1,2.273798234512295,CCc1ccc(C(=O)NC2CCN(C(=O)NCC3CC3)CC2)o1,0.8731082207438828,319.40500000000014,2.1558,74.58000000000001,3.0,2.0,5.0,23.0,1.0,0.6470588235294118,O=C(NC1CCN(C(=O)NCC2CC2)CC1)c1ccco1,0,True,2.273798234512295,-1.4785900137684123
Cc1[nH]ccc1C(=O)NC1CN(C(=O)CCc2ccccc2)C1,,0.8855034147175187,1.89652,2.316340009660225,0.0,O=C(NC1CN(C(=O)CCc2ccccc2)C1)c1cc[nH]c1,2.316340009660225,Cc1[nH]ccc1C(=O)NC1CN(C(=O)CCc2ccccc2)C1,0.8855034147175187,311.385,1.89652,65.2,2.0,2.0,5.0,23.0,2.0,0.3333333333333333,O=C(NC1CN(C(=O)CCc2ccccc2)C1)c1cc[nH]c1,0,True,2.316340009660225,-1.482576594942706
C[C@H](OC(=O)Cc1ccccc1)C(=O)N1CCCCC1,,0.7911929964080081,2.1733,2.188582429063832,0.0,O=C(Cc1ccccc1)OCC(=O)N1CCCCC1,2.188582429063832,C[C@H](OC(=O)Cc1ccccc1)C(=O)N1CCCCC1,0.7911929964080081,275.348,2.1733,46.61000000000001,3.0,0.0,4.0,20.0,1.0,0.5,O=C(Cc1ccccc1)OCC(=O)N1CCCCC1,0,True,2.188582429063832,-1.4840394326558235
Cc1ccc(C)c(CC(=O)N2CCN(c3ccccc3)CC2)c1,,0.8691781484009029,3.194740000000002,1.7619768359108967,0.0,O=C(Cc1ccccc1)N1CCN(c2ccccc2)CC1,1.7619768359108967,Cc1ccc(C)c(CC(=O)N2CCN(c3ccccc3)CC2)c1,0.8691781484009029,308.42500000000007,3.194740000000002,23.550000000000004,2.0,0.0,3.0,23.0,2.0,0.35,O=C(Cc1ccccc1)N1CCN(c2ccccc2)CC1,0,True,1.7619768359108967,-1.4901686875099949
CC(C)(C)OC(=O)NC1CCN(c2ccccc2)CC1,,0.9017150262966088,3.180100000000002,1.804246839347483,0.0,c1ccc(N2CCCCC2)cc1,1.804246839347483,CC(C)(C)OC(=O)NC1CCN(c2ccccc2)CC1,0.9017150262966088,276.38000000000005,3.180100000000002,41.57,3.0,1.0,2.0,20.0,1.0,0.5625,c1ccc(N2CCCCC2)cc1,0,True,1.804246839347483,-1.4925818130508754
Cc1ccc(Oc2ccc(CNC=O)cc2)cc1,,0.8170001262984932,3.0333200000000007,1.793020159719724,0.0,c1ccc(Oc2ccccc2)cc1,1.793020159719724,Cc1ccc(Oc2ccc(CNC=O)cc2)cc1,0.8170001262984932,241.29,3.0333200000000007,38.33,2.0,1.0,5.0,18.0,2.0,0.1333333333333333,c1ccc(Oc2ccccc2)cc1,0,True,1.793020159719724,-1.4926800334212311
CNC(=O)C1CCN(C(=O)c2ccc(N3CCOCC3)cc2)CC1,,0.9016218526160392,1.1214,1.9552582220502188,0.0,O=C(c1ccc(N2CCOCC2)cc1)N1CCCCC1,1.9552582220502188,CNC(=O)C1CCN(C(=O)c2ccc(N3CCOCC3)cc2)CC1,0.9016218526160392,331.41600000000017,1.1214,61.88000000000001,4.0,1.0,3.0,24.0,1.0,0.5555555555555556,O=C(c1ccc(N2CCOCC2)cc1)N1CCCCC1,0,True,1.9552582220502188,-1.4929363694341797
Cc1ccc(NC(=O)c2ccc(N3CCCC3)cc2)cc1,,0.925918163047034,3.847520000000003,1.4956877566238465,0.0,O=C(Nc1ccccc1)c1ccc(N2CCCC2)cc1,1.4956877566238465,Cc1ccc(NC(=O)c2ccc(N3CCCC3)cc2)cc1,0.925918163047034,280.371,3.847520000000003,32.34,2.0,1.0,3.0,21.0,2.0,0.2777777777777778,O=C(Nc1ccccc1)c1ccc(N2CCCC2)cc1,0,True,1.4956877566238465,-1.493529593576814
CCc1csc(NC(=O)c2cccc(N3CCOCC3)c2)n1,,0.9419363767328828,2.7944000000000004,2.0466673475713737,0.0,O=C(Nc1nccs1)c1cccc(N2CCOCC2)c1,2.0466673475713737,CCc1csc(NC(=O)c2cccc(N3CCOCC3)c2)n1,0.9419363767328828,317.4140000000001,2.7944000000000004,54.46000000000001,5.0,1.0,4.0,22.0,2.0,0.375,O=C(Nc1nccs1)c1cccc(N2CCOCC2)c1,0,True,2.0466673475713737,-1.5019309708384911
COc1ccc(-n2cc(C(=O)N3CCN(C(=O)c4ccco4)CC3)cn2)cc1,,0.6922172879705898,2.0721,2.161510108765228,0.0,O=C(c1cnn(-c2ccccc2)c1)N1CCN(C(=O)c2ccco2)CC1,2.161510108765228,COc1ccc(-n2cc(C(=O)N3CCN(C(=O)c4ccco4)CC3)cn2)cc1,0.6922172879705898,380.4040000000001,2.0721,80.81,6.0,0.0,4.0,28.0,3.0,0.25,O=C(c1cnn(-c2ccccc2)c1)N1CCN(C(=O)c2ccco2)CC1,0,True,2.161510108765228,-1.5053428207946382
Nc1c(F)cccc1Oc1ccccc1,,0.7604662597917097,3.200200000000001,1.6715935839201972,0.0,c1ccc(Oc2ccccc2)cc1,1.6715935839201972,Nc1c(F)cccc1Oc1ccccc1,0.7604662597917097,203.216,3.200200000000001,35.25,2.0,1.0,2.0,15.0,2.0,0.0,c1ccc(Oc2ccccc2)cc1,0,True,1.6715935839201972,-1.511227324128488
CCOC(=O)C1(CNC(=O)N2CCN(c3ccccc3)CC2)CCC1,,0.8317017444089568,2.2516,2.2199344431105548,0.0,O=C(NCC1CCC1)N1CCN(c2ccccc2)CC1,2.2199344431105548,CCOC(=O)C1(CNC(=O)N2CCN(c3ccccc3)CC2)CCC1,0.8317017444089568,345.4430000000002,2.2516,61.88,4.0,1.0,5.0,25.0,1.0,0.5789473684210527,O=C(NCC1CCC1)N1CCN(c2ccccc2)CC1,0,True,2.2199344431105548,-1.5140326987015977
Cc1ccc(C(=O)NCC2CCN(C(=O)CCc3cccnc3)CC2)cn1,,0.8517148579318777,2.38622,2.175059689648672,0.0,O=C(NCC1CCN(C(=O)CCc2cccnc2)CC1)c1cccnc1,2.175059689648672,Cc1ccc(C(=O)NCC2CCN(C(=O)CCc3cccnc3)CC2)cn1,0.8517148579318777,366.4650000000001,2.38622,75.19,4.0,1.0,6.0,27.0,2.0,0.4285714285714285,O=C(NCC1CCN(C(=O)CCc2cccnc2)CC1)c1cccnc1,0,True,2.175059689648672,-1.516454831716794
CCc1ccccc1C(=O)N1CCC(n2cncn2)CC1,,0.8688320241561787,2.3178,2.236300366964325,0.0,O=C(c1ccccc1)N1CCC(n2cncn2)CC1,2.236300366964325,CCc1ccccc1C(=O)N1CCC(n2cncn2)CC1,0.8688320241561787,284.36300000000006,2.3178,51.02,4.0,0.0,3.0,21.0,2.0,0.4375,O=C(c1ccccc1)N1CCC(n2cncn2)CC1,0,True,2.236300366964325,-1.5263683428081465
CC(C)N1CCC(CNCc2ccc(F)cc2)CC1,,0.8791270543015725,3.035700000000002,1.8887566358322108,0.0,c1ccc(CNCC2CCNCC2)cc1,1.8887566358322108,CC(C)N1CCC(CNCc2ccc(F)cc2)CC1,0.8791270543015725,264.38800000000003,3.035700000000002,15.27,2.0,1.0,5.0,19.0,1.0,0.625,c1ccc(CNCC2CCNCC2)cc1,0,True,1.8887566358322108,-1.5274795815306392
Cc1cccc(C(=O)N2CCOCC2)c1NC(=O)OC(C)(C)C,,0.9096304657640168,2.814420000000001,2.0309529597870206,0.0,O=C(c1ccccc1)N1CCOCC1,2.0309529597870206,Cc1cccc(C(=O)N2CCOCC2)c1NC(=O)OC(C)(C)C,0.9096304657640168,320.38900000000007,2.814420000000001,67.87,4.0,1.0,2.0,23.0,1.0,0.5294117647058824,O=C(c1ccccc1)N1CCOCC1,0,True,2.0309529597870206,-1.5285324940230043
Cc1cc(C)c(C(=O)Nc2ccc(C(=O)[O-])cc2)s1,,0.9300646182756938,1.98074,2.449425570743452,0.0,O=C(Nc1ccccc1)c1cccs1,2.449425570743452,Cc1cc(C)c(C(=O)Nc2ccc(C(=O)[O-])cc2)s1,0.9300646182756938,274.321,1.98074,69.23,4.0,1.0,3.0,19.0,2.0,0.1428571428571428,O=C(Nc1ccccc1)c1cccs1,0,True,2.449425570743452,-1.528990952467758
CC[C@H](C)NC(=O)COC(=O)CCc1ccc(F)cc1,,0.7796339057346519,2.2162,2.2019044607163902,0.0,c1ccccc1,2.2019044607163902,CC[C@H](C)NC(=O)COC(=O)CCc1ccc(F)cc1,0.7796339057346519,281.32699999999994,2.2162,55.4,3.0,1.0,7.0,20.0,1.0,0.4666666666666667,c1ccccc1,0,True,2.2019044607163902,-1.5303705549817386
COc1ccc(C(=O)NCC2(C)CCCC2)cc1,,0.887854939287653,3.005300000000002,1.9199104486163487,0.0,O=C(NCC1CCCC1)c1ccccc1,1.9199104486163487,COc1ccc(C(=O)NCC2(C)CCCC2)cc1,0.887854939287653,247.338,3.005300000000002,38.33,2.0,1.0,4.0,18.0,1.0,0.5333333333333333,O=C(NCC1CCCC1)c1ccccc1,0,True,1.9199104486163487,-1.5347055093286968
CCc1ccc(C(=O)NCCCNC(=O)CCc2ccco2)cn1,,0.6901590261447396,2.105899999999999,2.175056884257577,0.0,O=C(CCc1ccco1)NCCCNC(=O)c1cccnc1,2.175056884257577,CCc1ccc(C(=O)NCCCNC(=O)CCc2ccco2)cn1,0.6901590261447396,329.4,2.105899999999999,84.23,4.0,2.0,9.0,24.0,2.0,0.3888888888888889,O=C(CCc1ccco1)NCCCNC(=O)c1cccnc1,0,True,2.175056884257577,-1.537847858112837
Cc1ccc(OCC(=O)N2CCCN(c3ccc(F)cc3)CC2)cc1,,0.855011321244453,3.251820000000002,1.76931854386895,0.0,O=C(COc1ccccc1)N1CCCN(c2ccccc2)CC1,1.76931854386895,Cc1ccc(OCC(=O)N2CCCN(c3ccc(F)cc3)CC2)cc1,0.855011321244453,342.4140000000001,3.251820000000002,32.78,3.0,0.0,4.0,25.0,2.0,0.35,O=C(COc1ccccc1)N1CCCN(c2ccccc2)CC1,0,True,1.76931854386895,-1.5402172226244981
CCOC(=O)c1csc(NC(=O)Nc2ccc(OC)cc2)n1,,0.8263977892108099,2.9724000000000013,1.8811677740602053,0.0,O=C(Nc1ccccc1)Nc1nccs1,1.8811677740602053,CCOC(=O)c1csc(NC(=O)Nc2ccc(OC)cc2)n1,0.8263977892108099,321.35800000000006,2.9724000000000013,89.55,6.0,2.0,5.0,22.0,2.0,0.2142857142857142,O=C(Nc1ccccc1)Nc1nccs1,0,True,1.8811677740602053,-1.540969984849396
Cc1cccc(CC(=O)N2CCC(CNC(=O)c3ccccc3)CC2)c1,,0.9001369017834154,3.206120000000002,1.838607335617505,0.0,O=C(NCC1CCN(C(=O)Cc2ccccc2)CC1)c1ccccc1,1.838607335617505,Cc1cccc(CC(=O)N2CCC(CNC(=O)c3ccccc3)CC2)c1,0.9001369017834154,350.46200000000005,3.206120000000002,49.41,2.0,1.0,5.0,26.0,2.0,0.3636363636363636,O=C(NCC1CCN(C(=O)Cc2ccccc2)CC1)c1ccccc1,0,True,1.838607335617505,-1.5415304338340907
CC(C)CN1CCC(CNCc2ccccc2)CC1,,0.8450757545734688,3.144200000000001,1.8201837686993407,0.0,c1ccc(CNCC2CCNCC2)cc1,1.8201837686993407,CC(C)CN1CCC(CNCc2ccccc2)CC1,0.8450757545734688,260.425,3.144200000000001,15.27,2.0,1.0,6.0,19.0,1.0,0.6470588235294118,c1ccc(CNCC2CCNCC2)cc1,0,True,1.8201837686993407,-1.5472080141258724
Cc1ccc(C(=O)N2CCN(C(=O)CCc3ccccc3)CC2)c(C)c1,,0.8494143250664574,3.220640000000002,1.7926346869688563,0.0,O=C(CCc1ccccc1)N1CCN(C(=O)c2ccccc2)CC1,1.7926346869688563,Cc1ccc(C(=O)N2CCN(C(=O)CCc3ccccc3)CC2)c(C)c1,0.8494143250664574,350.4620000000001,3.220640000000002,40.620000000000005,2.0,0.0,4.0,26.0,2.0,0.3636363636363636,O=C(CCc1ccccc1)N1CCN(C(=O)c2ccccc2)CC1,0,True,1.7926346869688563,-1.5535403619024
COc1ccc(NC(=O)c2ccc(Br)c(F)c2)cc1,,0.9312625125344224,3.8491000000000017,1.5645337040470135,0.0,O=C(Nc1ccccc1)c1ccccc1,1.5645337040470135,COc1ccc(NC(=O)c2ccc(Br)c(F)c2)cc1,0.9312625125344224,324.149,3.8491000000000017,38.33,2.0,1.0,3.0,19.0,2.0,0.0714285714285714,O=C(Nc1ccccc1)c1ccccc1,0,True,1.5645337040470135,-1.5578211915125921
CC(C)(C)OC(=O)N1CC(NC(=O)c2cc3ccccc3[nH]2)C1,,0.8940029517962766,2.5170000000000003,2.1940452674793285,0.0,O=C(NC1CNC1)c1cc2ccccc2[nH]1,2.1940452674793285,CC(C)(C)OC(=O)N1CC(NC(=O)c2cc3ccccc3[nH]2)C1,0.8940029517962766,315.37300000000005,2.5170000000000003,74.43,3.0,2.0,2.0,23.0,2.0,0.4117647058823529,O=C(NC1CNC1)c1cc2ccccc2[nH]1,0,True,2.1940452674793285,-1.558542315683052
Cc1ccc([C@H](C)CNC(=O)c2ccc(C(N)=O)cc2)cc1,,0.8899333756737047,2.6274200000000008,2.141095280565132,0.0,O=C(NCCc1ccccc1)c1ccccc1,2.141095280565132,Cc1ccc([C@H](C)CNC(=O)c2ccc(C(N)=O)cc2)cc1,0.8899333756737047,296.37,2.6274200000000008,72.19,2.0,2.0,5.0,22.0,2.0,0.2222222222222222,O=C(NCCc1ccccc1)c1ccccc1,0,True,2.141095280565132,-1.5648719048914277
Cc1ccsc1C(=O)N1CCN(C(=O)CCc2ccccc2)CC1,,0.8569859450458434,2.973720000000001,1.9399973524850007,0.0,O=C(CCc1ccccc1)N1CCN(C(=O)c2cccs2)CC1,1.9399973524850007,Cc1ccsc1C(=O)N1CCN(C(=O)CCc2ccccc2)CC1,0.8569859450458434,342.46400000000006,2.973720000000001,40.620000000000005,3.0,0.0,4.0,24.0,2.0,0.3684210526315789,O=C(CCc1ccccc1)N1CCN(C(=O)c2cccs2)CC1,0,True,1.9399973524850007,-1.569871407439158
CCc1ccccc1C(=O)NCCCc1ccccc1,,0.7958611965320459,3.611600000000002,1.5640187131633212,0.0,O=C(NCCCc1ccccc1)c1ccccc1,1.5640187131633212,CCc1ccccc1C(=O)NCCCc1ccccc1,0.7958611965320459,267.372,3.611600000000002,29.1,1.0,1.0,6.0,20.0,2.0,0.2777777777777778,O=C(NCCCc1ccccc1)c1ccccc1,0,True,1.5640187131633212,-1.5739575166312763
Cc1ocnc1CNC(=O)CCc1ccc(F)cc1,,0.8996139644255032,2.3711200000000003,2.2899643281399022,0.0,O=C(CCc1ccccc1)NCc1cocn1,2.2899643281399022,Cc1ocnc1CNC(=O)CCc1ccc(F)cc1,0.8996139644255032,262.28399999999993,2.3711200000000003,55.13,3.0,1.0,5.0,19.0,2.0,0.2857142857142857,O=C(CCc1ccccc1)NCc1cocn1,0,True,2.2899643281399022,-1.5759103637143992
Cc1ccc(C(=O)NCC2(O)CCN(C(=O)OC(C)(C)C)CC2)cn1,,0.8692496302000942,1.88182,2.386126575543159,0.0,O=C(NCC1CCNCC1)c1cccnc1,2.386126575543159,Cc1ccc(C(=O)NCC2(O)CCN(C(=O)OC(C)(C)C)CC2)cn1,0.8692496302000942,349.4310000000001,1.88182,91.76,5.0,2.0,3.0,25.0,1.0,0.6111111111111112,O=C(NCC1CCNCC1)c1cccnc1,0,True,2.386126575543159,-1.5759669453430645
C[C@@H](CCNC(=O)c1cccnc1)NC(=O)c1cccc(F)c1,,0.85792052400353,2.1591000000000005,2.3597200036565056,0.0,O=C(NCCCNC(=O)c1cccnc1)c1ccccc1,2.3597200036565056,C[C@@H](CCNC(=O)c1cccnc1)NC(=O)c1cccc(F)c1,0.85792052400353,315.348,2.1591000000000005,71.09,3.0,2.0,6.0,23.0,2.0,0.2352941176470588,O=C(NCCCNC(=O)c1cccnc1)c1ccccc1,0,True,2.3597200036565056,-1.581349479652976
Cc1ccc(CNC(=O)c2ccc3ccccc3n2)cc1,,0.7955156970799055,3.473220000000002,1.6409475296377174,0.0,O=C(NCc1ccccc1)c1ccc2ccccc2n1,1.6409475296377174,Cc1ccc(CNC(=O)c2ccc3ccccc3n2)cc1,0.7955156970799055,276.33900000000006,3.473220000000002,41.99,2.0,1.0,3.0,21.0,3.0,0.1111111111111111,O=C(NCc1ccccc1)c1ccc2ccccc2n1,0,True,1.6409475296377174,-1.582041832557813
Cn1cc(C(=O)NCCCNC(=O)c2ccccc2)cn1,,0.7769213641914721,0.9699999999999992,1.8457128512014,0.0,O=C(NCCCNC(=O)c1cn[nH]c1)c1ccccc1,1.8457128512014,Cn1cc(C(=O)NCCCNC(=O)c2ccccc2)cn1,0.7769213641914721,286.33500000000004,0.9699999999999992,76.02000000000001,4.0,2.0,6.0,21.0,2.0,0.2666666666666666,O=C(NCCCNC(=O)c1cn[nH]c1)c1ccccc1,0,True,1.8457128512014,-1.5837914870099283
CCN(CCNC(=O)c1ccccn1)C(=O)Cc1ccc(C)o1,,0.8452069346286396,1.80402,2.3326230865833004,0.0,O=C(Cc1ccco1)NCCNC(=O)c1ccccn1,2.3326230865833004,CCN(CCNC(=O)c1ccccn1)C(=O)Cc1ccc(C)o1,0.8452069346286396,315.37300000000005,1.80402,75.44,4.0,1.0,7.0,23.0,2.0,0.3529411764705882,O=C(Cc1ccco1)NCCNC(=O)c1ccccn1,0,True,2.3326230865833004,-1.585406151954661
CCCNC(=O)N1CCC(NC(=O)N2CCN(C(=O)OC(C)(C)C)CC2)CC1,,0.7596717515161162,1.8327000000000009,2.261972379827497,0.0,O=C(NC1CCNCC1)N1CCNCC1,2.261972379827497,CCCNC(=O)N1CCC(NC(=O)N2CCN(C(=O)OC(C)(C)C)CC2)CC1,0.7596717515161162,397.52000000000027,1.8327000000000009,94.22,4.0,2.0,3.0,28.0,0.0,0.8421052631578947,O=C(NC1CCNCC1)N1CCNCC1,0,True,2.261972379827497,-1.5859506283113805
Cc1ccccc1C(=O)N1CC[C@@H](CNC(=O)c2ccccn2)C1,,0.9387902194436052,2.28212,2.386376677584962,0.0,O=C(NC[C@@H]1CCN(C(=O)c2ccccc2)C1)c1ccccn1,2.386376677584962,Cc1ccccc1C(=O)N1CC[C@@H](CNC(=O)c2ccccn2)C1,0.9387902194436052,323.396,2.28212,62.3,3.0,1.0,4.0,24.0,2.0,0.3157894736842105,O=C(NC[C@@H]1CCN(C(=O)c2ccccc2)C1)c1ccccn1,0,True,2.386376677584962,-1.588646458141357
Cc1ccc(CCNC(=O)c2ccn(-c3ccccc3)n2)cc1,,0.786872244178031,3.153220000000002,1.800306477910686,0.0,O=C(NCCc1ccccc1)c1ccn(-c2ccccc2)n1,1.800306477910686,Cc1ccc(CCNC(=O)c2ccn(-c3ccccc3)n2)cc1,0.786872244178031,305.38100000000003,3.153220000000002,46.92,3.0,1.0,5.0,23.0,3.0,0.1578947368421052,O=C(NCCc1ccccc1)c1ccn(-c2ccccc2)n1,0,True,1.800306477910686,-1.5900442337326561
CCc1cccc(NC(=O)NC[C@@H](C)CO)c1,,0.7319259656719368,1.9989,2.321497312334383,0.0,c1ccccc1,2.321497312334383,CCc1cccc(NC(=O)NC[C@@H](C)CO)c1,0.7319259656719368,236.315,1.9989,61.36,2.0,3.0,5.0,17.0,1.0,0.4615384615384615,c1ccccc1,0,True,2.321497312334383,-1.5901213466624464
CC(C)(C)OC(=O)N1CC(Cc2ccccc2)C1,,0.8033772982288261,3.096000000000002,1.851436148126924,0.0,c1ccc(CC2CNC2)cc1,1.851436148126924,CC(C)(C)OC(=O)N1CC(Cc2ccccc2)C1,0.8033772982288261,247.338,3.096000000000002,29.54,2.0,0.0,2.0,18.0,1.0,0.5333333333333333,c1ccc(CC2CNC2)cc1,0,True,1.851436148126924,-1.5960588498980988
Cc1cccc(C(=O)NCCCNC(=O)c2cn[nH]c2C2CC2)c1,,0.6813768407308857,2.14542,2.2086239804606063,0.0,O=C(NCCCNC(=O)c1cn[nH]c1C1CC1)c1ccccc1,2.2086239804606063,Cc1cccc(C(=O)NCCCNC(=O)c2cn[nH]c2C2CC2)c1,0.6813768407308857,326.4000000000001,2.14542,86.88,3.0,3.0,7.0,24.0,2.0,0.3888888888888889,O=C(NCCCNC(=O)c1cn[nH]c1C1CC1)c1ccccc1,0,True,2.2086239804606063,-1.5999571397297208
Cc1ncc(CNC(=O)Nc2ccccc2C)s1,,0.8917354879164167,3.081640000000001,1.9533122585710991,0.0,O=C(NCc1cncs1)Nc1ccccc1,1.9533122585710991,Cc1ncc(CNC(=O)Nc2ccccc2C)s1,0.8917354879164167,261.35,3.081640000000001,54.02,3.0,2.0,3.0,18.0,2.0,0.2307692307692307,O=C(NCc1cncs1)Nc1ccccc1,0,True,1.9533122585710991,-1.602396770654683
CC(C)CCC(=O)N1CCN(C(=O)CC2CCCC2)CC1,,0.7819369707976568,2.673700000000001,2.0480274535482064,0.0,O=C(CC1CCCC1)N1CCNCC1,2.0480274535482064,CC(C)CCC(=O)N1CCN(C(=O)CC2CCCC2)CC1,0.7819369707976568,294.4390000000001,2.673700000000001,40.620000000000005,2.0,0.0,5.0,21.0,0.0,0.8823529411764706,O=C(CC1CCCC1)N1CCNCC1,0,True,2.0480274535482064,-1.60294048275055
CCn1ccc(C(=O)N2CC(CNC(=O)C3CCCCC3)C2)n1,,0.8978385714705973,1.671499999999999,2.337756814393952,0.0,O=C(NCC1CN(C(=O)c2cc[nH]n2)C1)C1CCCCC1,2.337756814393952,CCn1ccc(C(=O)N2CC(CNC(=O)C3CCCCC3)C2)n1,0.8978385714705973,318.4210000000001,1.671499999999999,67.23,4.0,1.0,5.0,23.0,1.0,0.7058823529411765,O=C(NCC1CN(C(=O)c2cc[nH]n2)C1)C1CCCCC1,0,True,2.337756814393952,-1.6041682429233552
Cc1ccccc1COCCNC(=O)C(=O)N1CCN(c2ccc(F)cc2)CC1,,0.597137740088111,2.11572,2.1494981003905487,0.0,O=C(NCCOCc1ccccc1)C(=O)N1CCN(c2ccccc2)CC1,2.1494981003905487,Cc1ccccc1COCCNC(=O)C(=O)N1CCN(c2ccc(F)cc2)CC1,0.597137740088111,399.4660000000001,2.11572,61.88,4.0,1.0,6.0,29.0,2.0,0.3636363636363636,O=C(NCCOCc1ccccc1)C(=O)N1CCN(c2ccccc2)CC1,0,True,2.1494981003905487,-1.6102203603024376
Cc1ccccc1C(=O)NCC1CCN(c2ccccc2)CC1,,0.934985372297817,3.6414200000000014,1.7258410358900225,0.0,O=C(NCC1CCN(c2ccccc2)CC1)c1ccccc1,1.7258410358900225,Cc1ccccc1C(=O)NCC1CCN(c2ccccc2)CC1,0.934985372297817,308.42500000000007,3.6414200000000014,32.34,2.0,1.0,4.0,23.0,2.0,0.35,O=C(NCC1CCN(c2ccccc2)CC1)c1ccccc1,0,True,1.7258410358900225,-1.6115656635922062
CC(C)c1ccc(C(=O)Nc2ccc(N3CCOCC3)nc2)cc1,,0.936998493967276,3.2939000000000016,1.9034916668662727,0.0,O=C(Nc1ccc(N2CCOCC2)nc1)c1ccccc1,1.9034916668662727,CC(C)c1ccc(C(=O)Nc2ccc(N3CCOCC3)nc2)cc1,0.936998493967276,325.41200000000003,3.2939000000000016,54.46000000000001,4.0,1.0,4.0,24.0,2.0,0.3684210526315789,O=C(Nc1ccc(N2CCOCC2)nc1)c1ccccc1,0,True,1.9034916668662727,-1.6134431728989975
COc1ccccc1Nc1cc(C(=O)[O-])c(Cl)cn1,,0.9230485967418328,1.8507,2.46562572146356,0.0,c1ccc(Nc2ccccn2)cc1,2.46562572146356,COc1ccccc1Nc1cc(C(=O)[O-])c(Cl)cn1,0.9230485967418328,277.68699999999995,1.8507,74.28,5.0,1.0,4.0,19.0,2.0,0.0769230769230769,c1ccc(Nc2ccccn2)cc1,0,True,2.46562572146356,-1.6172271247217274
Cc1ncccc1C(=O)NC[C@@H]1COc2ccccc2O1,,0.9356769723890164,1.95982,2.5342725425495107,0.0,O=C(NC[C@@H]1COc2ccccc2O1)c1cccnc1,2.5342725425495107,Cc1ncccc1C(=O)NC[C@@H]1COc2ccccc2O1,0.9356769723890164,284.315,1.95982,60.45,4.0,1.0,3.0,21.0,2.0,0.25,O=C(NC[C@@H]1COc2ccccc2O1)c1cccnc1,0,True,2.5342725425495107,-1.6186855701604945
COc1ccc(NC(=O)C(=O)N[C@@H]2CCN(c3ccccc3)C2)cc1OC,,0.7887201351827394,2.0373999999999994,2.391086974815323,0.0,O=C(Nc1ccccc1)C(=O)N[C@@H]1CCN(c2ccccc2)C1,2.391086974815323,COc1ccc(NC(=O)C(=O)N[C@@H]2CCN(c3ccccc3)C2)cc1OC,0.7887201351827394,369.4210000000001,2.0373999999999994,79.89999999999999,5.0,2.0,5.0,27.0,2.0,0.3,O=C(Nc1ccccc1)C(=O)N[C@@H]1CCN(c2ccccc2)C1,0,True,2.391086974815323,-1.6210668396325836
C[C@@H](Cc1ccccc1)NC(=O)C(=O)NCc1cccs1,,0.8311874762026579,2.1116999999999995,2.401841306736144,0.0,O=C(NCCc1ccccc1)C(=O)NCc1cccs1,2.401841306736144,C[C@@H](Cc1ccccc1)NC(=O)C(=O)NCc1cccs1,0.8311874762026579,302.39899999999994,2.1116999999999995,58.2,3.0,2.0,5.0,21.0,2.0,0.25,O=C(NCCc1ccccc1)C(=O)NCc1cccs1,0,True,2.401841306736144,-1.626503830533486
CCc1cc(C(=O)N2CCN(c3ccccc3)CC2)co1,,0.8693659463825989,2.804400000000001,2.094842611604932,0.0,O=C(c1ccoc1)N1CCN(c2ccccc2)CC1,2.094842611604932,CCc1cc(C(=O)N2CCN(c3ccccc3)CC2)co1,0.8693659463825989,284.359,2.804400000000001,36.690000000000005,3.0,0.0,3.0,21.0,2.0,0.3529411764705882,O=C(c1ccoc1)N1CCN(c2ccccc2)CC1,0,True,2.094842611604932,-1.6276766652223336
Cc1ccccc1C(=O)N1CCC(CCNC(=O)c2ccccn2)CC1,,0.9004360780667592,3.062320000000001,1.9996602586944296,0.0,O=C(NCCC1CCN(C(=O)c2ccccc2)CC1)c1ccccn1,1.9996602586944296,Cc1ccccc1C(=O)N1CCC(CCNC(=O)c2ccccn2)CC1,0.9004360780667592,351.45000000000005,3.062320000000001,62.3,3.0,1.0,5.0,26.0,2.0,0.3809523809523809,O=C(NCCC1CCN(C(=O)c2ccccc2)CC1)c1ccccn1,0,True,1.9996602586944296,-1.630384180627671
CCOc1ccc(CNC(=O)C(=O)N2CC(=O)N(c3ccccc3)C2)cc1,,0.8132769251134188,1.534399999999999,2.2129785092905685,0.0,O=C(NCc1ccccc1)C(=O)N1CC(=O)N(c2ccccc2)C1,2.2129785092905685,CCOc1ccc(CNC(=O)C(=O)N2CC(=O)N(c3ccccc3)C2)cc1,0.8132769251134188,367.405,1.534399999999999,78.95,4.0,1.0,5.0,27.0,2.0,0.25,O=C(NCc1ccccc1)C(=O)N1CC(=O)N(c2ccccc2)C1,0,True,2.2129785092905685,-1.6325015841771502
Cc1ccc(CCNC(=O)Cc2ccc(Br)cc2)o1,,0.9180637945060568,3.251920000000002,1.925825866601441,0.0,O=C(Cc1ccccc1)NCCc1ccco1,1.925825866601441,Cc1ccc(CCNC(=O)Cc2ccc(Br)cc2)o1,0.9180637945060568,322.202,3.251920000000002,42.24,2.0,1.0,5.0,19.0,2.0,0.2666666666666666,O=C(Cc1ccccc1)NCCc1ccco1,0,True,1.925825866601441,-1.6337220720953851
CNC(=O)c1ccc(NC(=O)NC2CCN(C(C)=O)CC2)cc1F,,0.7773831554818754,1.3176999999999994,2.0707020347592504,0.0,O=C(Nc1ccccc1)NC1CCNCC1,2.0707020347592504,CNC(=O)c1ccc(NC(=O)NC2CCN(C(C)=O)CC2)cc1F,0.7773831554818754,336.3670000000001,1.3176999999999994,90.54,3.0,3.0,3.0,24.0,1.0,0.4375,O=C(Nc1ccccc1)NC1CCNCC1,0,True,2.0707020347592504,-1.6344688792773754
CCOC(=O)[C@H]1CCCN(C(=O)CCc2ccccc2)C1,,0.7821010560986047,2.4209000000000005,2.206656691351529,0.0,O=C(CCc1ccccc1)N1CCCCC1,2.206656691351529,CCOC(=O)[C@H]1CCCN(C(=O)CCc2ccccc2)C1,0.7821010560986047,289.375,2.4209000000000005,46.61,3.0,0.0,5.0,21.0,1.0,0.5294117647058824,O=C(CCc1ccccc1)N1CCCCC1,0,True,2.206656691351529,-1.6350056352529245
Cc1cccc(CNC(=O)N2CCN(c3ccc(F)cc3F)CC2)c1,,0.9264084210542588,3.3050200000000025,1.9123528613120708,0.0,O=C(NCc1ccccc1)N1CCN(c2ccccc2)CC1,1.9123528613120708,Cc1cccc(CNC(=O)N2CCN(c3ccc(F)cc3F)CC2)c1,0.9264084210542588,345.3930000000001,3.3050200000000025,35.580000000000005,2.0,1.0,3.0,25.0,2.0,0.3157894736842105,O=C(NCc1ccccc1)N1CCN(c2ccccc2)CC1,0,True,1.9123528613120708,-1.6384544402578132
Cc1noc(CNC(=O)N2CCC(Cc3ccc(F)cc3)CC2)n1,,0.9342736534641716,2.681420000000001,2.23593982740139,0.0,O=C(NCc1ncno1)N1CCC(Cc2ccccc2)CC1,2.23593982740139,Cc1noc(CNC(=O)N2CCC(Cc3ccc(F)cc3)CC2)n1,0.9342736534641716,332.3790000000001,2.681420000000001,71.26,4.0,1.0,4.0,24.0,2.0,0.4705882352941176,O=C(NCc1ncno1)N1CCC(Cc2ccccc2)CC1,0,True,2.23593982740139,-1.6423761739372191
Cc1[nH]ccc1C(=O)NC1CCN(c2ccccc2)CC1,,0.909635408111586,2.721920000000001,2.194979812109345,0.0,O=C(NC1CCN(c2ccccc2)CC1)c1cc[nH]c1,2.194979812109345,Cc1[nH]ccc1C(=O)NC1CCN(c2ccccc2)CC1,0.909635408111586,283.37500000000006,2.721920000000001,48.13,2.0,2.0,3.0,21.0,2.0,0.3529411764705882,O=C(NC1CCN(c2ccccc2)CC1)c1cc[nH]c1,0,True,2.194979812109345,-1.6463044039977595
CCOc1ccc(NC(=O)C[C@H]2CCOC2)cc1,,0.8715693123898346,2.4504,2.295698378568076,0.0,O=C(C[C@H]1CCOC1)Nc1ccccc1,2.295698378568076,CCOc1ccc(NC(=O)C[C@H]2CCOC2)cc1,0.8715693123898346,249.31,2.4504,47.56,3.0,1.0,5.0,18.0,1.0,0.5,O=C(C[C@H]1CCOC1)Nc1ccccc1,0,True,2.295698378568076,-1.6493290661782414
CCc1cc(C(=O)N[C@H](C)CC)ccn1,,0.8199736398545059,2.1723,2.386926246008453,0.0,c1ccncc1,2.386926246008453,CCc1cc(C(=O)N[C@H](C)CC)ccn1,0.8199736398545059,206.289,2.1723,41.99,2.0,1.0,4.0,15.0,1.0,0.5,c1ccncc1,0,True,2.386926246008453,-1.653102606153947
Cc1ccc(NC(=O)c2cccc(-n3cccn3)c2)cc1,,0.796889048564701,3.433020000000001,1.7338847301421314,0.0,O=C(Nc1ccccc1)c1cccc(-n2cccn2)c1,1.7338847301421314,Cc1ccc(NC(=O)c2cccc(-n3cccn3)c2)cc1,0.796889048564701,277.32700000000006,3.433020000000001,46.92,3.0,1.0,3.0,21.0,3.0,0.0588235294117647,O=C(Nc1ccccc1)c1cccc(-n2cccn2)c1,0,True,1.7338847301421314,-1.653505681577431
Cc1ccc(C(=O)NCC2(NC(=O)c3cccc(C)n3)CCC2)cn1,,0.8750433356891263,2.17594,2.442019368044773,0.0,O=C(NCC1(NC(=O)c2ccccn2)CCC1)c1cccnc1,2.442019368044773,Cc1ccc(C(=O)NCC2(NC(=O)c3cccc(C)n3)CCC2)cn1,0.8750433356891263,338.4110000000002,2.17594,83.98,4.0,2.0,5.0,25.0,2.0,0.3684210526315789,O=C(NCC1(NC(=O)c2ccccn2)CCC1)c1cccnc1,0,True,2.442019368044773,-1.6549460323556469
Cc1ccc(C(=O)Nc2cccc(-n3cccn3)c2)cc1,,0.796889048564701,3.433020000000001,1.7362476557411242,0.0,O=C(Nc1cccc(-n2cccn2)c1)c1ccccc1,1.7362476557411242,Cc1ccc(C(=O)Nc2cccc(-n3cccn3)c2)cc1,0.796889048564701,277.32700000000006,3.433020000000001,46.92,3.0,1.0,3.0,21.0,3.0,0.0588235294117647,O=C(Nc1cccc(-n2cccn2)c1)c1ccccc1,0,True,1.7362476557411242,-1.6558686071764237
Cc1ccc(Cl)cc1NC(=O)c1ccc(N2CCOCC2)cc1,,0.931817501374034,3.737320000000002,1.7265138988479585,0.0,O=C(Nc1ccccc1)c1ccc(N2CCOCC2)cc1,1.7265138988479585,Cc1ccc(Cl)cc1NC(=O)c1ccc(N2CCOCC2)cc1,0.931817501374034,330.81500000000017,3.737320000000002,41.57000000000001,3.0,1.0,3.0,23.0,2.0,0.2777777777777778,O=C(Nc1ccccc1)c1ccc(N2CCOCC2)cc1,0,True,1.7265138988479585,-1.6633563974739256
COC(=O)c1ccc(NC(=O)Cc2ccn(Cc3ccccc3)n2)cc1,,0.6946401239315889,2.8992000000000013,1.9093094894636595,0.0,O=C(Cc1ccn(Cc2ccccc2)n1)Nc1ccccc1,1.9093094894636595,COC(=O)c1ccc(NC(=O)Cc2ccn(Cc3ccccc3)n2)cc1,0.6946401239315889,349.39,2.8992000000000013,73.22,5.0,1.0,6.0,26.0,3.0,0.15,O=C(Cc1ccn(Cc2ccccc2)n1)Nc1ccccc1,0,True,1.9093094894636595,-1.6642693655320713
Cc1ccccc1C(C)CNC(=O)c1ccc(C(N)=O)cc1,,0.8899333756737047,2.6274200000000008,2.2491860750165813,0.0,O=C(NCCc1ccccc1)c1ccccc1,2.2491860750165813,Cc1ccccc1C(C)CNC(=O)c1ccc(C(N)=O)cc1,0.8899333756737047,296.37,2.6274200000000008,72.19,2.0,2.0,5.0,22.0,2.0,0.2222222222222222,O=C(NCCc1ccccc1)c1ccccc1,0,True,2.2491860750165813,-1.672962699342877
COc1ccc(C(=O)NCC2CCN(C(=O)CCc3ccccc3)CC2)cc1,,0.8018260614562672,3.296400000000002,1.8305682284233475,0.0,O=C(NCC1CCN(C(=O)CCc2ccccc2)CC1)c1ccccc1,1.8305682284233475,COc1ccc(C(=O)NCC2CCN(C(=O)CCc3ccccc3)CC2)cc1,0.8018260614562672,380.48800000000006,3.296400000000002,58.64,3.0,1.0,7.0,28.0,2.0,0.391304347826087,O=C(NCC1CCN(C(=O)CCc2ccccc2)CC1)c1ccccc1,0,True,1.8305682284233475,-1.6769421669670814
CCc1ccc(C(=O)Nc2ccc3nccnc3c2)cc1,,0.7974570842629256,3.444500000000001,1.7533011235847535,0.0,O=C(Nc1ccc2nccnc2c1)c1ccccc1,1.7533011235847535,CCc1ccc(C(=O)Nc2ccc3nccnc3c2)cc1,0.7974570842629256,277.327,3.444500000000001,54.88,3.0,1.0,3.0,21.0,3.0,0.1176470588235294,O=C(Nc1ccc2nccnc2c1)c1ccccc1,0,True,1.7533011235847535,-1.6780940393218284
Cc1ccc(C)c(C(=O)NCc2ccc(Br)cc2)c1,,0.9105683748030428,3.9959400000000014,1.5908335589091325,0.0,O=C(NCc1ccccc1)c1ccccc1,1.5908335589091325,Cc1ccc(C)c(C(=O)NCc2ccc(Br)cc2)c1,0.9105683748030428,318.214,3.9959400000000014,29.1,1.0,1.0,3.0,19.0,2.0,0.1875,O=C(NCc1ccccc1)c1ccccc1,0,True,1.5908335589091325,-1.6782351841060903
CCc1ccccc1C(=O)NCC1CCN(C(=O)c2cn[nH]n2)CC1,,0.8649773038665179,1.6492999999999995,2.368162774638181,0.0,O=C(NCC1CCN(C(=O)c2cn[nH]n2)CC1)c1ccccc1,2.368162774638181,CCc1ccccc1C(=O)NCC1CCN(C(=O)c2cn[nH]n2)CC1,0.8649773038665179,341.415,1.6492999999999995,90.98,4.0,2.0,5.0,25.0,2.0,0.4444444444444444,O=C(NCC1CCN(C(=O)c2cn[nH]n2)CC1)c1ccccc1,0,True,2.368162774638181,-1.6785354707716635
Cc1cccc(OCCCCNC(=O)C2CCCC2)c1,,0.7738878171390302,3.460420000000002,1.7262574399537716,0.0,O=C(NCCCCOc1ccccc1)C1CCCC1,1.7262574399537716,Cc1cccc(OCCCCNC(=O)C2CCCC2)c1,0.7738878171390302,275.392,3.460420000000002,38.33,2.0,1.0,7.0,20.0,1.0,0.5882352941176471,O=C(NCCCCOc1ccccc1)C1CCCC1,0,True,1.7262574399537716,-1.6825796228147423
COc1ccc(CNC(=O)CCC2=CCOCC2)cc1,,0.8111646039847974,2.438300000000001,2.2766038590519138,0.0,O=C(CCC1=CCOCC1)NCc1ccccc1,2.2766038590519138,COc1ccc(CNC(=O)CCC2=CCOCC2)cc1,0.8111646039847974,275.3479999999999,2.438300000000001,47.56,3.0,1.0,6.0,20.0,1.0,0.4375,O=C(CCC1=CCOCC1)NCc1ccccc1,0,True,2.2766038590519138,-1.6845892550671167
COc1ccc(CN(C)Cc2ccc(Cl)cc2)cc1,,0.8183274104658298,3.9806000000000026,1.514677148652721,0.0,c1ccc(CNCc2ccccc2)cc1,1.514677148652721,COc1ccc(CN(C)Cc2ccc(Cl)cc2)cc1,0.8183274104658298,275.779,3.9806000000000026,12.47,2.0,0.0,5.0,19.0,2.0,0.25,c1ccc(CNCc2ccccc2)cc1,0,True,1.514677148652721,-1.6866497381868926
Cc1cccc(CNC(=O)c2ccc(Br)c(F)c2)c1,,0.9142374436378892,3.826620000000002,1.688872165585476,0.0,O=C(NCc1ccccc1)c1ccccc1,1.688872165585476,Cc1cccc(CNC(=O)c2ccc(Br)c(F)c2)c1,0.9142374436378892,322.177,3.826620000000002,29.1,1.0,1.0,3.0,19.0,2.0,0.1333333333333333,O=C(NCc1ccccc1)c1ccccc1,0,True,1.688872165585476,-1.6879447219475878
Cc1noc(C2CCN(C(=O)c3ccc(F)cc3F)CC2)n1,,0.8556337705549171,2.676020000000001,2.2071442008592133,0.0,O=C(c1ccccc1)N1CCC(c2ncno2)CC1,2.2071442008592133,Cc1noc(C2CCN(C(=O)c3ccc(F)cc3F)CC2)n1,0.8556337705549171,307.30000000000007,2.676020000000001,59.23,4.0,0.0,2.0,22.0,2.0,0.4,O=C(c1ccccc1)N1CCC(c2ncno2)CC1,0,True,2.2071442008592133,-1.6895204303042968
CCC(CC)NC(=O)N1CCN(c2ccc(Cl)cc2)CC1,,0.9254276890504728,3.3602000000000025,1.936802942466068,0.0,c1ccc(N2CCNCC2)cc1,1.936802942466068,CCC(CC)NC(=O)N1CCN(c2ccc(Cl)cc2)CC1,0.9254276890504728,309.84100000000007,3.3602000000000025,35.580000000000005,2.0,1.0,4.0,21.0,1.0,0.5625,c1ccc(N2CCNCC2)cc1,0,True,1.936802942466068,-1.6914752534155966
Cc1ccc(C(=O)NC2CCN(c3ccccc3)CC2)s1,,0.9412989802319616,3.455320000000002,1.905542989915146,0.0,O=C(NC1CCN(c2ccccc2)CC1)c1cccs1,1.905542989915146,Cc1ccc(C(=O)NC2CCN(c3ccccc3)CC2)s1,0.9412989802319616,300.427,3.455320000000002,32.34,3.0,1.0,3.0,21.0,2.0,0.3529411764705882,O=C(NC1CCN(c2ccccc2)CC1)c1cccs1,0,True,1.905542989915146,-1.6919040096831854
Cc1cccc(-c2nc(C(=O)NC3CCOCC3)cs2)c1,,0.947893550795942,3.0273200000000013,2.127158626737341,0.0,O=C(NC1CCOCC1)c1csc(-c2ccccc2)n1,2.127158626737341,Cc1cccc(-c2nc(C(=O)NC3CCOCC3)cs2)c1,0.947893550795942,302.39899999999994,3.0273200000000013,51.22,4.0,1.0,3.0,21.0,2.0,0.375,O=C(NC1CCOCC1)c1csc(-c2ccccc2)n1,0,True,2.127158626737341,-1.6929250759413996
Cc1ccccc1C(=O)N1CCC[C@@H](CNC(=O)c2ccnn2C)C1,,0.9257182364598576,2.01072,2.6184780340732488,0.0,O=C(NC[C@@H]1CCCN(C(=O)c2ccccc2)C1)c1ccn[nH]1,2.6184780340732488,Cc1ccccc1C(=O)N1CCC[C@@H](CNC(=O)c2ccnn2C)C1,0.9257182364598576,340.427,2.01072,67.23,4.0,1.0,4.0,25.0,2.0,0.4210526315789473,O=C(NC[C@@H]1CCCN(C(=O)c2ccccc2)C1)c1ccn[nH]1,0,True,2.6184780340732488,-1.698119797613391
Cc1ccc(C(=O)Nc2nnc(-c3ccccc3)s2)cn1,,0.8058210295708388,3.160820000000001,1.9256970882758004,0.0,O=C(Nc1nnc(-c2ccccc2)s1)c1cccnc1,1.9256970882758004,Cc1ccc(C(=O)Nc2nnc(-c3ccccc3)s2)cn1,0.8058210295708388,296.355,3.160820000000001,67.77000000000001,5.0,1.0,3.0,21.0,3.0,0.0666666666666666,O=C(Nc1nnc(-c2ccccc2)s1)c1cccnc1,0,True,1.9256970882758004,-1.7002860587049622
Cc1ccsc1C(=O)NC1CN(C(=O)CCC2CCC2)C1,,0.9087369772883164,2.577420000000001,2.3264131164533897,0.0,O=C(NC1CN(C(=O)CCC2CCC2)C1)c1cccs1,2.3264131164533897,Cc1ccsc1C(=O)NC1CN(C(=O)CCC2CCC2)C1,0.9087369772883164,306.4310000000001,2.577420000000001,49.41,3.0,1.0,5.0,21.0,1.0,0.625,O=C(NC1CN(C(=O)CCC2CCC2)C1)c1cccs1,0,True,2.3264131164533897,-1.7063861391650739
Cc1ccc(C(=O)NC[C@@H]2CCCN2C(=O)c2ccco2)cn1,,0.936726710618444,2.01762,2.6409617250120743,0.0,O=C(NC[C@@H]1CCCN1C(=O)c1ccco1)c1cccnc1,2.6409617250120743,Cc1ccc(C(=O)NC[C@@H]2CCCN2C(=O)c2ccco2)cn1,0.936726710618444,313.357,2.01762,75.44,4.0,1.0,4.0,23.0,2.0,0.3529411764705882,O=C(NC[C@@H]1CCCN1C(=O)c1ccco1)c1cccnc1,0,True,2.6409617250120743,-1.7130450143936302
COC(=O)C1CCN(C(=O)C2(c3cccs3)CC2)CC1,,0.802629594160373,2.1913,2.4202399712156133,0.0,O=C(N1CCCCC1)C1(c2cccs2)CC1,2.4202399712156133,COC(=O)C1CCN(C(=O)C2(c3cccs3)CC2)CC1,0.802629594160373,293.38800000000015,2.1913,46.61,4.0,0.0,3.0,20.0,1.0,0.6,O=C(N1CCCCC1)C1(c2cccs2)CC1,0,True,2.4202399712156133,-1.7132603770552404
CCc1ccc(C(=O)NC(C)(C)C(=O)N2CCN(c3ccccc3)CC2)cc1,,0.8685114510136399,3.106200000000001,2.028707252549712,0.0,O=C(NCC(=O)N1CCN(c2ccccc2)CC1)c1ccccc1,2.028707252549712,CCc1ccc(C(=O)NC(C)(C)C(=O)N2CCN(c3ccccc3)CC2)cc1,0.8685114510136399,379.5040000000001,3.106200000000001,52.650000000000006,3.0,1.0,5.0,28.0,2.0,0.391304347826087,O=C(NCC(=O)N1CCN(c2ccccc2)CC1)c1ccccc1,0,True,2.028707252549712,-1.7132958015360726
CCn1nccc1C(=O)N1CCC[C@H]1CNC(=O)c1ccccc1,,0.9128810069059838,1.9375999999999995,2.607979353170247,0.0,O=C(NC[C@@H]1CCCN1C(=O)c1ccn[nH]1)c1ccccc1,2.607979353170247,CCn1nccc1C(=O)N1CCC[C@H]1CNC(=O)c1ccccc1,0.9128810069059838,326.4,1.9375999999999995,67.23,4.0,1.0,5.0,24.0,2.0,0.3888888888888889,O=C(NC[C@@H]1CCCN1C(=O)c1ccn[nH]1)c1ccccc1,0,True,2.607979353170247,-1.7262983462642634
Cc1ccc(CNC(=O)NCc2sccc2C)cc1,,0.8815580043659997,3.364340000000002,1.9282002255758,0.0,O=C(NCc1ccccc1)NCc1cccs1,1.9282002255758,Cc1ccc(CNC(=O)NCc2sccc2C)cc1,0.8815580043659997,274.389,3.364340000000002,41.13,2.0,2.0,4.0,19.0,2.0,0.2666666666666666,O=C(NCc1ccccc1)NCc1cccs1,0,True,1.9282002255758,-1.7288122212098012
CCOC(=O)C(=O)N1CCCN(C(=O)Nc2cccc(OC)c2)CC1,,0.6568225696758413,1.3244999999999991,2.048984422989829,0.0,O=C(Nc1ccccc1)N1CCCNCC1,2.048984422989829,CCOC(=O)C(=O)N1CCCN(C(=O)Nc2cccc(OC)c2)CC1,0.6568225696758413,349.3870000000001,1.3244999999999991,88.18000000000002,5.0,1.0,3.0,25.0,1.0,0.4705882352941176,O=C(Nc1ccccc1)N1CCCNCC1,0,True,2.048984422989829,-1.7299118533139881
Cc1ccccc1NC(=O)N1CCC(n2cccn2)CC1,,0.9210920147415312,3.060520000000001,2.1224441248457886,0.0,O=C(Nc1ccccc1)N1CCC(n2cccn2)CC1,2.1224441248457886,Cc1ccccc1NC(=O)N1CCC(n2cccn2)CC1,0.9210920147415312,284.36300000000006,3.060520000000001,50.16,3.0,1.0,2.0,21.0,2.0,0.375,O=C(Nc1ccccc1)N1CCC(n2cccn2)CC1,0,True,2.1224441248457886,-1.7316121101042576
CC(C)(C)OC(=O)N1CC[C@@H](CNC(=O)Cc2ccccc2)C1,,0.928137335996544,2.6023000000000005,2.359266641970116,0.0,O=C(Cc1ccccc1)NC[C@@H]1CCNC1,2.359266641970116,CC(C)(C)OC(=O)N1CC[C@@H](CNC(=O)Cc2ccccc2)C1,0.928137335996544,318.41700000000003,2.6023000000000005,58.64,3.0,1.0,4.0,23.0,1.0,0.5555555555555556,O=C(Cc1ccccc1)NC[C@@H]1CCNC1,0,True,2.359266641970116,-1.7322793059735724
Cc1ccc(C(=O)N2CC[C@@H](NC(=O)c3cccs3)C2)cc1,,0.9467640588255388,2.701020000000001,2.3289055489852366,0.0,O=C(N[C@@H]1CCN(C(=O)c2ccccc2)C1)c1cccs1,2.3289055489852366,Cc1ccc(C(=O)N2CC[C@@H](NC(=O)c3cccs3)C2)cc1,0.9467640588255388,314.4100000000001,2.701020000000001,49.41,3.0,1.0,3.0,22.0,2.0,0.2941176470588235,O=C(N[C@@H]1CCN(C(=O)c2ccccc2)C1)c1cccs1,0,True,2.3289055489852366,-1.7326514901596983
CC(=O)N1CC[C@H](CNC(=O)c2ccc(F)cc2F)C1,,0.9144213247971332,1.5630000000000002,2.4288252998772304,0.0,O=C(NC[C@H]1CCNC1)c1ccccc1,2.4288252998772304,CC(=O)N1CC[C@H](CNC(=O)c2ccc(F)cc2F)C1,0.9144213247971332,282.29,1.5630000000000002,49.41,2.0,1.0,3.0,20.0,1.0,0.4285714285714285,O=C(NC[C@H]1CCNC1)c1ccccc1,0,True,2.4288252998772304,-1.7329039750800972
COc1cc(C(=O)N2CCC(CNC(=O)c3cccc(C)n3)CC2)on1,,0.8730593876821109,1.66882,2.440496225430397,0.0,O=C(NCC1CCN(C(=O)c2ccno2)CC1)c1ccccn1,2.440496225430397,COc1cc(C(=O)N2CCC(CNC(=O)c3cccc(C)n3)CC2)on1,0.8730593876821109,358.39800000000014,1.66882,97.56,6.0,1.0,5.0,26.0,2.0,0.4444444444444444,O=C(NCC1CCN(C(=O)c2ccno2)CC1)c1ccccn1,0,True,2.440496225430397,-1.733026837748286
Cc1ccc(C(=O)N2CCC(C)(NC(=O)c3cc(C)no3)CC2)cn1,,0.9227723511916276,2.11114,2.6008940933195,0.0,O=C(NC1CCN(C(=O)c2cccnc2)CC1)c1ccno1,2.6008940933195,Cc1ccc(C(=O)N2CCC(C)(NC(=O)c3cc(C)no3)CC2)cn1,0.9227723511916276,342.3990000000001,2.11114,88.33,5.0,1.0,3.0,25.0,2.0,0.4444444444444444,O=C(NC1CCN(C(=O)c2cccnc2)CC1)c1ccno1,0,True,2.6008940933195,-1.7336917421278724
CC(C)C(=O)N1CCC(c2nc(-c3ccccc3)no2)CC1,,0.8735068795284555,3.098600000000002,2.062050829714231,0.0,c1ccc(-c2noc(C3CCNCC3)n2)cc1,2.062050829714231,CC(C)C(=O)N1CCC(c2nc(-c3ccccc3)no2)CC1,0.8735068795284555,299.37400000000014,3.098600000000002,59.23,4.0,0.0,3.0,22.0,2.0,0.4705882352941176,c1ccc(-c2noc(C3CCNCC3)n2)cc1,0,True,2.062050829714231,-1.7378439501857763
Cc1ccnc(N2CC[C@@H](NC(=O)C3CCCCC3)C2)n1,,0.9246879379228018,2.06022,2.634595871679398,0.0,O=C(N[C@@H]1CCN(c2ncccn2)C1)C1CCCCC1,2.634595871679398,Cc1ccnc(N2CC[C@@H](NC(=O)C3CCCCC3)C2)n1,0.9246879379228018,288.39500000000004,2.06022,58.120000000000005,4.0,1.0,3.0,21.0,1.0,0.6875,O=C(N[C@@H]1CCN(c2ncccn2)C1)C1CCCCC1,0,True,2.634595871679398,-1.7400179337565964
CCc1ccc(NC(=O)CCc2csc(C)n2)cc1,,0.9050602756822456,3.5852200000000014,1.8525925332681064,0.0,O=C(CCc1cscn1)Nc1ccccc1,1.8525925332681064,CCc1ccc(NC(=O)CCc2csc(C)n2)cc1,0.9050602756822456,274.38899999999995,3.5852200000000014,41.99,3.0,1.0,5.0,19.0,2.0,0.3333333333333333,O=C(CCc1cscn1)Nc1ccccc1,0,True,1.8525925332681064,-1.7401422575858616
COc1ccccc1C(=O)Nc1ccc2ccccc2c1,,0.7823478721014653,4.1007000000000025,1.4758037717562544,0.0,O=C(Nc1ccc2ccccc2c1)c1ccccc1,1.4758037717562544,COc1ccccc1C(=O)Nc1ccc2ccccc2c1,0.7823478721014653,277.32300000000004,4.1007000000000025,38.33,2.0,1.0,3.0,21.0,3.0,0.0555555555555555,O=C(Nc1ccc2ccccc2c1)c1ccccc1,0,True,1.4758037717562544,-1.7438058996547903
Cc1ccc(NC(=O)NC[C@H]2CCCN2C(=O)C2CC2)cc1,,0.8974106252089264,2.517520000000001,2.3865224578827906,0.0,O=C(NC[C@H]1CCCN1C(=O)C1CC1)Nc1ccccc1,2.3865224578827906,Cc1ccc(NC(=O)NC[C@H]2CCCN2C(=O)C2CC2)cc1,0.8974106252089264,301.39000000000004,2.517520000000001,61.440000000000005,2.0,2.0,4.0,22.0,1.0,0.5294117647058824,O=C(NC[C@H]1CCCN1C(=O)C1CC1)Nc1ccccc1,0,True,2.3865224578827906,-1.7478718326738647
CCc1ccc(NC(=O)C(=O)NC[C@@H]2CCCOC2)cc1,,0.8298986114963492,1.7302999999999995,2.4465851528899893,0.0,O=C(NC[C@@H]1CCCOC1)C(=O)Nc1ccccc1,2.4465851528899893,CCc1ccc(NC(=O)C(=O)NC[C@@H]2CCCOC2)cc1,0.8298986114963492,290.363,1.7302999999999995,67.43,3.0,2.0,4.0,21.0,1.0,0.5,O=C(NC[C@@H]1CCCOC1)C(=O)Nc1ccccc1,0,True,2.4465851528899893,-1.7515365413936403
CCc1ccccc1C(=O)NC1CCN(C(=O)OC(C)(C)C)CC1,,0.9229585808522606,3.378300000000002,1.9897209158781308,0.0,O=C(NC1CCNCC1)c1ccccc1,1.9897209158781308,CCc1ccccc1C(=O)NC1CCN(C(=O)OC(C)(C)C)CC1,0.9229585808522606,332.44400000000013,3.378300000000002,58.64,3.0,1.0,3.0,24.0,1.0,0.5789473684210527,O=C(NC1CCNCC1)c1ccccc1,0,True,1.9897209158781308,-1.7559123350258714
COc1ccc(NC(=O)NCCC2CCCCC2)cc1,,0.8593631440805078,3.7871000000000032,1.7251664585214108,0.0,O=C(NCCC1CCCCC1)Nc1ccccc1,1.7251664585214108,COc1ccc(NC(=O)NCCC2CCCCC2)cc1,0.8593631440805078,276.3799999999999,3.7871000000000032,50.36,2.0,2.0,5.0,20.0,1.0,0.5625,O=C(NCCC1CCCCC1)Nc1ccccc1,0,True,1.7251664585214108,-1.7593533144409046
CCn1ccc(CC(=O)NCCCC2CCOCC2)n1,,0.7739137014961981,1.7685,2.420360357725656,0.0,O=C(Cc1cc[nH]n1)NCCCC1CCOCC1,2.420360357725656,CCn1ccc(CC(=O)NCCCC2CCOCC2)n1,0.7739137014961981,279.384,1.7685,56.150000000000006,4.0,1.0,7.0,20.0,1.0,0.7333333333333333,O=C(Cc1cc[nH]n1)NCCCC1CCOCC1,0,True,2.420360357725656,-1.7621966562294578
Cc1ccc(C(=O)NCCCOc2ccccc2F)s1,,0.8290483420540656,3.3945200000000018,1.895602435067552,0.0,O=C(NCCCOc1ccccc1)c1cccs1,1.895602435067552,Cc1ccc(C(=O)NCCCOc2ccccc2F)s1,0.8290483420540656,293.363,3.3945200000000018,38.33,3.0,1.0,6.0,20.0,2.0,0.2666666666666666,O=C(NCCCOc1ccccc1)c1cccs1,0,True,1.895602435067552,-1.7638140930134871
CCOC(=O)c1cc(C(=O)NC)cs1,,0.769496649458199,1.2844,2.1895870634249324,0.0,c1ccsc1,2.1895870634249324,CCOC(=O)c1cc(C(=O)NC)cs1,0.769496649458199,213.258,1.2844,55.400000000000006,4.0,1.0,3.0,14.0,1.0,0.3333333333333333,c1ccsc1,0,True,2.1895870634249324,-1.7778904139667335
CC(C)C(=O)N1CC[C@H](CNC(=O)c2ccn(-c3ccccc3)n2)C1,,0.906343568587131,2.1066,2.6324450979952427,0.0,O=C(NC[C@H]1CCNC1)c1ccn(-c2ccccc2)n1,2.6324450979952427,CC(C)C(=O)N1CC[C@H](CNC(=O)c2ccn(-c3ccccc3)n2)C1,0.906343568587131,340.4270000000001,2.1066,67.23,4.0,1.0,5.0,25.0,2.0,0.4210526315789473,O=C(NC[C@H]1CCNC1)c1ccn(-c2ccccc2)n1,0,True,2.6324450979952427,-1.7794015294081116
CCc1ccccc1C(=O)N1CCC(n2cccn2)CC1,,0.8683744353388907,2.9228000000000014,2.1904741374561283,0.0,O=C(c1ccccc1)N1CCC(n2cccn2)CC1,2.1904741374561283,CCc1ccccc1C(=O)N1CCC(n2cccn2)CC1,0.8683744353388907,283.37500000000006,2.9228000000000014,38.13,3.0,0.0,3.0,21.0,2.0,0.4117647058823529,O=C(c1ccccc1)N1CCC(n2cccn2)CC1,0,True,2.1904741374561283,-1.7834997021172383
Cc1ccc(CCNC(=O)c2ccn(C3CCCC3)n2)cc1,,0.9203368770542848,3.2791200000000016,2.0661103764175266,0.0,O=C(NCCc1ccccc1)c1ccn(C2CCCC2)n1,2.0661103764175266,Cc1ccc(CCNC(=O)c2ccn(C3CCCC3)n2)cc1,0.9203368770542848,297.402,3.2791200000000016,46.92,3.0,1.0,5.0,22.0,2.0,0.4444444444444444,O=C(NCCc1ccccc1)c1ccn(C2CCCC2)n1,0,True,2.0661103764175266,-1.7853334993632426
CCc1ccc(C(=O)NCc2ccc(-n3cccn3)cc2)o1,,0.7869367514072125,2.957700000000001,2.095548597571371,0.0,O=C(NCc1ccc(-n2cccn2)cc1)c1ccco1,2.095548597571371,CCc1ccc(C(=O)NCc2ccc(-n3cccn3)cc2)o1,0.7869367514072125,295.34200000000004,2.957700000000001,60.06,4.0,1.0,5.0,22.0,3.0,0.1764705882352941,O=C(NCc1ccc(-n2cccn2)cc1)c1ccco1,0,True,2.095548597571371,-1.787461846164159
Cc1ccc([C@@H](CCO)NC(=O)c2ccc(F)cc2)cc1,,0.8878859288961415,2.9876200000000006,2.182397799565347,0.0,O=C(NCc1ccccc1)c1ccccc1,2.182397799565347,Cc1ccc([C@@H](CCO)NC(=O)c2ccc(F)cc2)cc1,0.8878859288961415,287.334,2.9876200000000006,49.33,2.0,2.0,5.0,21.0,2.0,0.2352941176470588,O=C(NCc1ccccc1)c1ccccc1,0,True,2.182397799565347,-1.788321870669206
Cc1ccc(Br)c(C(=O)N2CCN(c3ccccc3)CC2)c1,,0.8160836810644188,3.719920000000003,1.7449013791647785,0.0,O=C(c1ccccc1)N1CCN(c2ccccc2)CC1,1.7449013791647785,Cc1ccc(Br)c(C(=O)N2CCN(c3ccccc3)CC2)c1,0.8160836810644188,359.2670000000001,3.719920000000003,23.550000000000004,2.0,0.0,2.0,22.0,2.0,0.2777777777777778,O=C(c1ccccc1)N1CCN(c2ccccc2)CC1,0,True,1.7449013791647785,-1.7887776981003611
CCc1ccc(C(=O)N2CCN(c3ccc(F)cc3)CC2)s1,,0.8656673749081921,3.4120000000000026,1.9531035769669776,0.0,O=C(c1cccs1)N1CCN(c2ccccc2)CC1,1.9531035769669776,CCc1ccc(C(=O)N2CCN(c3ccc(F)cc3)CC2)s1,0.8656673749081921,318.41700000000003,3.4120000000000026,23.550000000000004,3.0,0.0,3.0,22.0,2.0,0.3529411764705882,O=C(c1cccs1)N1CCN(c2ccccc2)CC1,0,True,1.9531035769669776,-1.7934362020587868
CCc1ccc(CCNC(=O)C(=O)N2CCN(c3cccc(F)c3)C2=O)cc1,,0.8069416185075383,2.5156,2.34643091369869,0.0,O=C(NCCc1ccccc1)C(=O)N1CCN(c2ccccc2)C1=O,2.34643091369869,CCc1ccc(CCNC(=O)C(=O)N2CCN(c3cccc(F)c3)C2=O)cc1,0.8069416185075383,383.42300000000006,2.5156,69.72,3.0,1.0,5.0,28.0,2.0,0.2857142857142857,O=C(NCCc1ccccc1)C(=O)N1CCN(c2ccccc2)C1=O,0,True,2.34643091369869,-1.7972892951911517
Cc1ccc(CNC(=O)N2CCO[C@H](C3CC3)C2)cc1,,0.9187371793197552,2.3154200000000005,2.5592731173229417,0.0,O=C(NCc1ccccc1)N1CCO[C@H](C2CC2)C1,2.5592731173229417,Cc1ccc(CNC(=O)N2CCO[C@H](C3CC3)C2)cc1,0.9187371793197552,274.3639999999999,2.3154200000000005,41.57000000000001,2.0,1.0,3.0,20.0,1.0,0.5625,O=C(NCc1ccccc1)N1CCO[C@H](C2CC2)C1,0,True,2.5592731173229417,-1.7982459380031868
Cc1cccc(CNC(=O)c2ccc3ccccc3c2)c1,,0.7664441587906969,4.078220000000003,1.5261833430046785,0.0,O=C(NCc1ccccc1)c1ccc2ccccc2c1,1.5261833430046785,Cc1cccc(CNC(=O)c2ccc3ccccc3c2)c1,0.7664441587906969,275.351,4.078220000000003,29.1,1.0,1.0,3.0,21.0,3.0,0.1052631578947368,O=C(NCc1ccccc1)c1ccc2ccccc2c1,0,True,1.5261833430046785,-1.7988491842139829
Cc1ncccc1C(=O)N1CCC(C)(NC(=O)c2ccc[nH]2)CC1,,0.9069354228219972,2.1428200000000004,2.637989138831648,0.0,O=C(NC1CCN(C(=O)c2cccnc2)CC1)c1ccc[nH]1,2.637989138831648,Cc1ncccc1C(=O)N1CCC(C)(NC(=O)c2ccc[nH]2)CC1,0.9069354228219972,326.40000000000003,2.1428200000000004,78.09,3.0,2.0,3.0,24.0,2.0,0.3888888888888889,O=C(NC1CCN(C(=O)c2cccnc2)CC1)c1ccc[nH]1,0,True,2.637989138831648,-1.802463716009651
Cc1cc(C(=O)NC[C@H](C)CNC(=O)c2ccccn2)ccc1F,,0.8542956024218008,2.3250200000000003,2.4981133720391124,0.0,O=C(NCCCNC(=O)c1ccccn1)c1ccccc1,2.4981133720391124,Cc1cc(C(=O)NC[C@H](C)CNC(=O)c2ccccn2)ccc1F,0.8542956024218008,329.375,2.3250200000000003,71.09,3.0,2.0,6.0,24.0,2.0,0.2777777777777778,O=C(NCCCNC(=O)c1ccccn1)c1ccccc1,0,True,2.4981133720391124,-1.8063277696173117
Cc1ccncc1C(=O)N1CC(CNC(=O)C2=CCCC2)C1,,0.9199985309307588,1.6885199999999998,2.570755367112314,0.0,O=C(NCC1CN(C(=O)c2cccnc2)C1)C1=CCCC1,2.570755367112314,Cc1ccncc1C(=O)N1CC(CNC(=O)C2=CCCC2)C1,0.9199985309307588,299.3740000000001,1.6885199999999998,62.3,3.0,1.0,4.0,22.0,1.0,0.4705882352941176,O=C(NCC1CN(C(=O)c2cccnc2)C1)C1=CCCC1,0,True,2.570755367112314,-1.8064968361815552
C[C@H](NC(=O)N1CCN(c2ccccc2)CC1)c1ccccc1,,0.9442148857341172,3.2794000000000025,2.1127730390711488,0.0,O=C(NCc1ccccc1)N1CCN(c2ccccc2)CC1,2.1127730390711488,C[C@H](NC(=O)N1CCN(c2ccccc2)CC1)c1ccccc1,0.9442148857341172,309.413,3.2794000000000025,35.580000000000005,2.0,1.0,3.0,23.0,2.0,0.3157894736842105,O=C(NCc1ccccc1)N1CCN(c2ccccc2)CC1,0,True,2.1127730390711488,-1.8082581533370328
CCC[C@@H](C)NC(=O)N1CCN(c2ccc(F)cc2)CC1,,0.9263003706364116,2.845900000000001,2.315407708300679,0.0,c1ccc(N2CCNCC2)cc1,2.315407708300679,CCC[C@@H](C)NC(=O)N1CCN(c2ccc(F)cc2)CC1,0.9263003706364116,293.386,2.845900000000001,35.580000000000005,2.0,1.0,4.0,21.0,1.0,0.5625,c1ccc(N2CCNCC2)cc1,0,True,2.315407708300679,-1.812057337664268
Cc1ccc(C(=O)NCCCCOc2ccccc2)s1,,0.7901977949643402,3.645520000000003,1.781735158786665,0.0,O=C(NCCCCOc1ccccc1)c1cccs1,1.781735158786665,Cc1ccc(C(=O)NCCCCOc2ccccc2)s1,0.7901977949643402,289.4,3.645520000000003,38.33,3.0,1.0,7.0,20.0,2.0,0.3125,O=C(NCCCCOc1ccccc1)c1cccs1,0,True,1.781735158786665,-1.8142973638223263
CC(C)(C)OC(=O)N1CC(Cc2cccc(F)c2)C1,,0.8212657051597488,3.235100000000002,2.024193739904609,0.0,c1ccc(CC2CNC2)cc1,2.024193739904609,CC(C)(C)OC(=O)N1CC(Cc2cccc(F)c2)C1,0.8212657051597488,265.32800000000003,3.235100000000002,29.54,2.0,0.0,2.0,19.0,1.0,0.5333333333333333,c1ccc(CC2CNC2)cc1,0,True,2.024193739904609,-1.8204780347448613
Cc1cc(C(=O)N2CCN(c3ccccc3)CC2)c2ccccc2n1,,0.7209467476103998,3.505620000000002,1.789814987493818,0.0,O=C(c1ccnc2ccccc12)N1CCN(c2ccccc2)CC1,1.789814987493818,Cc1cc(C(=O)N2CCN(c3ccccc3)CC2)c2ccccc2n1,0.7209467476103998,331.41900000000004,3.505620000000002,36.440000000000005,3.0,0.0,2.0,25.0,3.0,0.238095238095238,O=C(c1ccnc2ccccc12)N1CCN(c2ccccc2)CC1,0,True,1.789814987493818,-1.8216782398834193
COc1ccccc1C(=O)NC[C@@H](C)CNC(=O)c1cnccc1C,,0.8089253783598113,2.19452,2.534349471931165,0.0,O=C(NCCCNC(=O)c1cccnc1)c1ccccc1,2.534349471931165,COc1ccccc1C(=O)NC[C@@H](C)CNC(=O)c1cnccc1C,0.8089253783598113,341.41100000000006,2.19452,80.32000000000001,4.0,2.0,7.0,25.0,2.0,0.3157894736842105,O=C(NCCCNC(=O)c1cccnc1)c1ccccc1,0,True,2.534349471931165,-1.8226840935713535
Cc1cocc1C(=O)NC1CCN(c2ccccc2)CC1,,0.9421340997754252,2.9868200000000016,2.2726453858798354,0.0,O=C(NC1CCN(c2ccccc2)CC1)c1ccoc1,2.2726453858798354,Cc1cocc1C(=O)NC1CCN(c2ccccc2)CC1,0.9421340997754252,284.3590000000001,2.9868200000000016,45.48,3.0,1.0,3.0,21.0,2.0,0.3529411764705882,O=C(NC1CCN(c2ccccc2)CC1)c1ccoc1,0,True,2.2726453858798354,-1.8239212861044112
Cc1cc(C(=O)N2CCC(CNC(=O)Cc3ccco3)CC2)c(C)o1,,0.9047308414930672,2.70054,2.3795688959816257,0.0,O=C(Cc1ccco1)NCC1CCN(C(=O)c2ccoc2)CC1,2.3795688959816257,Cc1cc(C(=O)N2CCC(CNC(=O)Cc3ccco3)CC2)c(C)o1,0.9047308414930672,344.4110000000002,2.70054,75.69,4.0,1.0,5.0,25.0,2.0,0.4736842105263157,O=C(Cc1ccco1)NCC1CCN(C(=O)c2ccoc2)CC1,0,True,2.3795688959816257,-1.8251080544885587
Cc1ccc(-c2nsc(NC(=O)c3cccnc3)n2)cc1,,0.8058210295708388,3.16082,2.0506824602808447,0.0,O=C(Nc1nc(-c2ccccc2)ns1)c1cccnc1,2.0506824602808447,Cc1ccc(-c2nsc(NC(=O)c3cccnc3)n2)cc1,0.8058210295708388,296.355,3.16082,67.77000000000001,5.0,1.0,3.0,21.0,3.0,0.0666666666666666,O=C(Nc1nc(-c2ccccc2)ns1)c1cccnc1,0,True,2.0506824602808447,-1.825271430710006
COc1ccc(-n2nccc2C(=O)N2CCN(C(=O)Nc3ccccc3)CC2)cc1,,0.7239244921198145,2.870800000000002,2.114556791358881,0.0,O=C(Nc1ccccc1)N1CCN(C(=O)c2ccnn2-c2ccccc2)CC1,2.114556791358881,COc1ccc(-n2nccc2C(=O)N2CCN(C(=O)Nc3ccccc3)CC2)cc1,0.7239244921198145,405.45800000000014,2.870800000000002,79.70000000000002,5.0,1.0,4.0,30.0,3.0,0.2272727272727272,O=C(Nc1ccccc1)N1CCN(C(=O)c2ccnn2-c2ccccc2)CC1,0,True,2.114556791358881,-1.8260322992390674
Cc1ccc(C(=O)N2CCCC[C@H]2Cn2cncn2)cc1,,0.8685753490239392,2.28142,2.557195871679397,0.0,O=C(c1ccccc1)N1CCCC[C@H]1Cn1cncn1,2.557195871679397,Cc1ccc(C(=O)N2CCCC[C@H]2Cn2cncn2)cc1,0.8685753490239392,284.363,2.28142,51.02,4.0,0.0,3.0,21.0,2.0,0.4375,O=C(c1ccccc1)N1CCCC[C@H]1Cn1cncn1,0,True,2.557195871679397,-1.829330522655458
COc1ccc(C(=O)NC[C@@H](O)CNC(=O)c2ccc(F)cc2)cc1,,0.7062963047383132,1.3549999999999995,2.2136013400630343,0.0,O=C(NCCCNC(=O)c1ccccc1)c1ccccc1,2.2136013400630343,COc1ccc(C(=O)NC[C@@H](O)CNC(=O)c2ccc(F)cc2)cc1,0.7062963047383132,346.358,1.3549999999999995,87.66,4.0,3.0,7.0,25.0,2.0,0.2222222222222222,O=C(NCCCNC(=O)c1ccccc1)c1ccccc1,0,True,2.2136013400630343,-1.8298050353247213
Cc1ccc(-c2nc(CNC(=O)Cc3cccs3)no2)cc1,,0.7860813412038592,2.9654200000000017,2.134451962955988,0.0,O=C(Cc1cccs1)NCc1noc(-c2ccccc2)n1,2.134451962955988,Cc1ccc(-c2nc(CNC(=O)Cc3cccs3)no2)cc1,0.7860813412038592,313.38200000000006,2.9654200000000017,68.02000000000001,5.0,1.0,5.0,22.0,3.0,0.1875,O=C(Cc1cccs1)NCc1noc(-c2ccccc2)n1,0,True,2.134451962955988,-1.8310806217521298
CCc1ccc(C(=O)N2CCC(CNC(=O)OC(C)(C)C)CC2)cn1,,0.908650798439493,3.020900000000002,2.231251236176643,0.0,O=C(c1cccnc1)N1CCCCC1,2.231251236176643,CCc1ccc(C(=O)N2CCC(CNC(=O)OC(C)(C)C)CC2)cn1,0.908650798439493,347.4590000000001,3.020900000000002,71.53,4.0,1.0,4.0,25.0,1.0,0.631578947368421,O=C(c1cccnc1)N1CCCCC1,0,True,2.231251236176643,-1.833050437737151
Cc1ccc(C(=O)NC[C@@H]2CCCN(C(=O)Cc3ccccc3)C2)cn1,,0.900598041050538,2.6011200000000008,2.4344082526907105,0.0,O=C(NC[C@@H]1CCCN(C(=O)Cc2ccccc2)C1)c1cccnc1,2.4344082526907105,Cc1ccc(C(=O)NC[C@@H]2CCCN(C(=O)Cc3ccccc3)C2)cn1,0.900598041050538,351.45000000000005,2.6011200000000008,62.3,3.0,1.0,5.0,26.0,2.0,0.3809523809523809,O=C(NC[C@@H]1CCCN(C(=O)Cc2ccccc2)C1)c1cccnc1,0,True,2.4344082526907105,-1.8343702116401728
Cc1ccc(F)cc1CNC(=O)c1ccnc2ccccc12,,0.8014642947474304,3.612320000000002,1.834301379164777,0.0,O=C(NCc1ccccc1)c1ccnc2ccccc12,1.834301379164777,Cc1ccc(F)cc1CNC(=O)c1ccnc2ccccc12,0.8014642947474304,294.32900000000006,3.612320000000002,41.99,2.0,1.0,3.0,22.0,3.0,0.1111111111111111,O=C(NCc1ccccc1)c1ccnc2ccccc12,0,True,1.834301379164777,-1.8389970844173478
COc1ccc(C(=O)N2CC[C@H](c3ccccc3)C2)cc1,,0.8634003108575989,3.324900000000002,2.04147884771975,0.0,O=C(c1ccccc1)N1CC[C@H](c2ccccc2)C1,2.04147884771975,COc1ccc(C(=O)N2CC[C@H](c3ccccc3)C2)cc1,0.8634003108575989,281.355,3.324900000000002,29.54,2.0,0.0,3.0,21.0,2.0,0.2777777777777778,O=C(c1ccccc1)N1CC[C@H](c2ccccc2)C1,0,True,2.04147884771975,-1.8405285368621522
CCOC(=O)c1ccc(CC(=O)NCC(C)(C)c2ccccc2)cc1,,0.7856406987873256,3.4998000000000022,1.876680906506312,0.0,O=C(Cc1ccccc1)NCCc1ccccc1,1.876680906506312,CCOC(=O)c1ccc(CC(=O)NCC(C)(C)c2ccccc2)cc1,0.7856406987873256,339.43499999999995,3.4998000000000022,55.400000000000006,3.0,1.0,7.0,25.0,2.0,0.3333333333333333,O=C(Cc1ccccc1)NCCc1ccccc1,0,True,1.876680906506312,-1.8409402077189876
Cc1nc(C)c(CNC(=O)C(=O)NCc2csc(C3CC3)n2)s1,,0.8082988352461641,2.02644,2.6370892922046014,0.0,O=C(NCc1csc(C2CC2)n1)C(=O)NCc1cncs1,2.6370892922046014,Cc1nc(C)c(CNC(=O)C(=O)NCc2csc(C3CC3)n2)s1,0.8082988352461641,350.4690000000001,2.02644,83.98,6.0,2.0,5.0,23.0,2.0,0.4666666666666667,O=C(NCc1csc(C2CC2)n1)C(=O)NCc1cncs1,0,True,2.6370892922046014,-1.8420104569584375
CCc1cccc(C(=O)NCc2c[nH]c3ccccc23)c1,,0.7512883361157003,3.660300000000002,1.763245385879836,0.0,O=C(NCc1c[nH]c2ccccc12)c1ccccc1,1.763245385879836,CCc1cccc(C(=O)NCc2c[nH]c3ccccc23)c1,0.7512883361157003,278.355,3.660300000000002,44.89,1.0,2.0,4.0,21.0,3.0,0.1666666666666666,O=C(NCc1c[nH]c2ccccc12)c1ccccc1,0,True,1.763245385879836,-1.8421070497641368
CC[C@H](C)CNC(=O)[C@H]1CC(=O)N(c2ccccc2)C1,,0.8945759256583243,2.2017999999999995,2.6395900052230576,0.0,O=C1CCCN1c1ccccc1,2.6395900052230576,CC[C@H](C)CNC(=O)[C@H]1CC(=O)N(c2ccccc2)C1,0.8945759256583243,274.36400000000003,2.2017999999999995,49.41,2.0,1.0,5.0,20.0,1.0,0.5,O=C1CCCN1c1ccccc1,0,True,2.6395900052230576,-1.845914079564733
CCc1ccc(CNC(=O)N[C@H](C)CNC(=O)c2cccnc2)cc1,,0.7228538663842325,2.2617,2.442261349349522,0.0,O=C(NCCNC(=O)c1cccnc1)NCc1ccccc1,2.442261349349522,CCc1ccc(CNC(=O)N[C@H](C)CNC(=O)c2cccnc2)cc1,0.7228538663842325,340.427,2.2617,83.12,3.0,3.0,7.0,25.0,2.0,0.3157894736842105,O=C(NCCNC(=O)c1cccnc1)NCc1ccccc1,0,True,2.442261349349522,-1.8502574829652894
CC(C)c1noc(CNC(=O)c2c(Cl)ccn2C)n1,,0.932060475650586,2.1149000000000004,2.7348933222227423,0.0,O=C(NCc1ncno1)c1ccc[nH]1,2.7348933222227423,CC(C)c1noc(CNC(=O)c2c(Cl)ccn2C)n1,0.932060475650586,282.731,2.1149000000000004,72.95,5.0,1.0,4.0,19.0,2.0,0.4166666666666667,O=C(NCc1ncno1)c1ccc[nH]1,0,True,2.7348933222227423,-1.8602828465721566
COc1ccc(CC(=O)OC[C@H]2CCCN(C(N)=O)C2)cc1,,0.8372121058345654,1.5716,2.486898140264925,0.0,O=C(Cc1ccccc1)OC[C@H]1CCCNC1,2.486898140264925,COc1ccc(CC(=O)OC[C@H]2CCCN(C(N)=O)C2)cc1,0.8372121058345654,306.362,1.5716,81.86000000000001,4.0,1.0,5.0,22.0,1.0,0.5,O=C(Cc1ccccc1)OC[C@H]1CCCNC1,0,True,2.486898140264925,-1.8638860344303596
CC1(Cn2cccn2)CCN(C(=O)C2CCOCC2)CC1,,0.8548064410831676,1.9384,2.6895394590198105,0.0,O=C(C1CCOCC1)N1CCC(Cn2cccn2)CC1,2.6895394590198105,CC1(Cn2cccn2)CCN(C(=O)C2CCOCC2)CC1,0.8548064410831676,291.39500000000004,1.9384,47.36,4.0,0.0,3.0,21.0,1.0,0.75,O=C(C1CCOCC1)N1CCC(Cn2cccn2)CC1,0,True,2.6895394590198105,-1.865533017936643
Cc1cccc(C(=O)NC[C@@H]2CCNC2)c1,,0.8034213803350643,1.3343199999999995,2.336237499444948,0.0,O=C(NC[C@@H]1CCNC1)c1ccccc1,2.336237499444948,Cc1cccc(C(=O)NC[C@@H]2CCNC2)c1,0.8034213803350643,218.3,1.3343199999999995,41.13,2.0,2.0,3.0,16.0,1.0,0.4615384615384615,O=C(NC[C@@H]1CCNC1)c1ccccc1,0,True,2.336237499444948,-1.8656561191098842
CCOc1ccccc1C(=O)NCCCCCNC(=O)c1ccc[nH]1,,0.5801264032802746,2.7435,2.074053159253566,0.0,O=C(NCCCCCNC(=O)c1ccc[nH]1)c1ccccc1,2.074053159253566,CCOc1ccccc1C(=O)NCCCCCNC(=O)c1ccc[nH]1,0.5801264032802746,343.427,2.7435,83.22,3.0,3.0,10.0,25.0,2.0,0.3684210526315789,O=C(NCCCCCNC(=O)c1ccc[nH]1)c1ccccc1,0,True,2.074053159253566,-1.8656767559732914
CC(C)(C)CNC(=O)c1cccc(-c2ncco2)c1,,0.9198566166972614,3.117500000000001,2.2287807287204533,0.0,c1ccc(-c2ncco2)cc1,2.2287807287204533,CC(C)(C)CNC(=O)c1cccc(-c2ncco2)c1,0.9198566166972614,258.321,3.117500000000001,55.13,3.0,1.0,3.0,19.0,2.0,0.3333333333333333,c1ccc(-c2ncco2)cc1,0,True,2.2287807287204533,-1.8676741120231923
CCc1cccc(C(=O)N[C@H](C)CCNC(=O)c2ccccn2)c1,,0.8217576014205386,2.5824000000000007,2.39938610115372,0.0,O=C(NCCCNC(=O)c1ccccn1)c1ccccc1,2.39938610115372,CCc1cccc(C(=O)N[C@H](C)CCNC(=O)c2ccccn2)c1,0.8217576014205386,325.412,2.5824000000000007,71.09,3.0,2.0,7.0,24.0,2.0,0.3157894736842105,O=C(NCCCNC(=O)c1ccccn1)c1ccccc1,0,True,2.39938610115372,-1.8688284997331817
CCc1ccc(C(=O)N[C@H]2CCN(C(=O)c3cccc(OC)c3)C2)o1,,0.9061021120351253,2.4951000000000008,2.5284000275727063,0.0,O=C(N[C@H]1CCN(C(=O)c2ccccc2)C1)c1ccco1,2.5284000275727063,CCc1ccc(C(=O)N[C@H]2CCN(C(=O)c3cccc(OC)c3)C2)o1,0.9061021120351253,342.3950000000001,2.4951000000000008,71.78,4.0,1.0,5.0,25.0,2.0,0.3684210526315789,O=C(N[C@H]1CCN(C(=O)c2ccccc2)C1)c1ccco1,0,True,2.5284000275727063,-1.8698479155375813
Cc1ccc(C(=O)NCC2(NC(=O)OC(C)(C)C)CCC2)cc1,,0.8957752697433419,3.172220000000001,2.181718184884504,0.0,O=C(NCC1CCC1)c1ccccc1,2.181718184884504,Cc1ccc(C(=O)NCC2(NC(=O)OC(C)(C)C)CCC2)cc1,0.8957752697433419,318.41700000000014,3.172220000000001,67.43,3.0,2.0,4.0,23.0,1.0,0.5555555555555556,O=C(NCC1CCC1)c1ccccc1,0,True,2.181718184884504,-1.872052915141163
Cc1ccc(CC(=O)NCCCc2ccc(Br)cc2)cc1,,0.7858780387713846,4.049020000000002,1.6344666973552453,0.0,O=C(Cc1ccccc1)NCCCc1ccccc1,1.6344666973552453,Cc1ccc(CC(=O)NCCCc2ccc(Br)cc2)cc1,0.7858780387713846,346.26800000000003,4.049020000000002,29.1,1.0,1.0,6.0,21.0,2.0,0.2777777777777778,O=C(Cc1ccccc1)NCCCc1ccccc1,0,True,1.6344666973552453,-1.8730986585838618
CCC(C)(C)C(=O)NCC1CCN(C(=O)c2cccc(F)c2)CC1,,0.8986126424517435,3.230300000000001,2.156588048745263,0.0,O=C(c1ccccc1)N1CCCCC1,2.156588048745263,CCC(C)(C)C(=O)NCC1CCN(C(=O)c2cccc(F)c2)CC1,0.8986126424517435,334.43500000000006,3.230300000000001,49.41,2.0,1.0,5.0,24.0,1.0,0.5789473684210527,O=C(c1ccccc1)N1CCCCC1,0,True,2.156588048745263,-1.87312540629352
O=C(NCCCc1ccccc1)c1ccc2[nH]ccc2c1,,0.6889568279114332,3.5305000000000017,1.799520295370133,0.0,O=C(NCCCc1ccccc1)c1ccc2[nH]ccc2c1,1.799520295370133,O=C(NCCCc1ccccc1)c1ccc2[nH]ccc2c1,0.6889568279114332,278.3550000000001,3.5305000000000017,44.89,1.0,2.0,5.0,21.0,3.0,0.1666666666666666,O=C(NCCCc1ccccc1)c1ccc2[nH]ccc2c1,0,True,1.799520295370133,-1.8758134674587006
Cc1ccsc1C(=O)NCc1nccn1C(C)C,,0.9216578021260808,2.7639200000000006,2.4164012721457606,0.0,O=C(NCc1ncc[nH]1)c1cccs1,2.4164012721457606,Cc1ccsc1C(=O)NCc1nccn1C(C)C,0.9216578021260808,263.36600000000004,2.7639200000000006,46.92,4.0,1.0,4.0,18.0,2.0,0.3846153846153846,O=C(NCc1ncc[nH]1)c1cccs1,0,True,2.4164012721457606,-1.87670347001968
CCCOC1CCN(C(=O)C(=O)N2CCN(C(=O)c3ccc(OC)cc3)CC2)CC1,,0.6769173696428801,1.3972000000000016,2.252332313281178,0.0,O=C(C(=O)N1CCN(C(=O)c2ccccc2)CC1)N1CCCCC1,2.252332313281178,CCCOC1CCN(C(=O)C(=O)N2CCN(C(=O)c3ccc(OC)cc3)CC2)CC1,0.6769173696428801,417.50600000000026,1.3972000000000016,79.39,5.0,0.0,5.0,30.0,1.0,0.5909090909090909,O=C(C(=O)N1CCN(C(=O)c2ccccc2)CC1)N1CCCCC1,0,True,2.252332313281178,-1.876814943638297
Cc1ccoc1CC(=O)NC1CCN(c2ccc(F)cc2)CC1,,0.9427652156076276,3.054820000000002,2.2930439687780293,0.0,O=C(Cc1ccco1)NC1CCN(c2ccccc2)CC1,2.2930439687780293,Cc1ccoc1CC(=O)NC1CCN(c2ccc(F)cc2)CC1,0.9427652156076276,316.3760000000001,3.054820000000002,45.48,3.0,1.0,4.0,23.0,2.0,0.3888888888888889,O=C(Cc1ccco1)NC1CCN(c2ccccc2)CC1,0,True,2.2930439687780293,-1.8776887531704027
Cc1cccc(CNC(=O)c2ccc(NC(=O)c3ccco3)cc2)c1,,0.7459203182130346,3.7703200000000017,1.739251236176642,0.0,O=C(NCc1ccccc1)c1ccc(NC(=O)c2ccco2)cc1,1.739251236176642,Cc1cccc(CNC(=O)c2ccc(NC(=O)c3ccco3)cc2)c1,0.7459203182130346,334.37500000000006,3.7703200000000017,71.34,3.0,2.0,5.0,25.0,3.0,0.1,O=C(NCc1ccccc1)c1ccc(NC(=O)c2ccco2)cc1,0,True,1.739251236176642,-1.878490917963608
Cc1ccc(C(=O)NC2CC(CNC(=O)[C@@H]3CCOC3)C2)c(C)c1,,0.867190645325809,1.96454,2.729466070087332,0.0,O=C(NC1CC(CNC(=O)[C@@H]2CCOC2)C1)c1ccccc1,2.729466070087332,Cc1ccc(C(=O)NC2CC(CNC(=O)[C@@H]3CCOC3)C2)c(C)c1,0.867190645325809,330.4280000000001,1.96454,67.43,3.0,2.0,5.0,24.0,1.0,0.5789473684210527,O=C(NC1CC(CNC(=O)[C@@H]2CCOC2)C1)c1ccccc1,0,True,2.729466070087332,-1.8800054247615228
Cc1cc(N)cc(NC(=O)c2cc(C3CC3)on2)c1,,0.8281863742123512,2.6949200000000006,2.361703805643529,0.0,O=C(Nc1ccccc1)c1cc(C2CC2)on1,2.361703805643529,Cc1cc(N)cc(NC(=O)c2cc(C3CC3)on2)c1,0.8281863742123512,257.29299999999995,2.6949200000000006,81.14999999999999,4.0,2.0,3.0,19.0,2.0,0.2857142857142857,O=C(Nc1ccccc1)c1cc(C2CC2)on1,0,True,2.361703805643529,-1.8809774314311782
CCc1noc(CNC(=O)C(=O)N2CCN(c3ccc(Cl)cc3)CC2)n1,,0.806162423842873,1.2503999999999995,2.3125147285489,0.0,O=C(NCc1ncno1)C(=O)N1CCN(c2ccccc2)CC1,2.3125147285489,CCc1noc(CNC(=O)C(=O)N2CCN(c3ccc(Cl)cc3)CC2)n1,0.806162423842873,377.8320000000001,1.2503999999999995,91.57,6.0,1.0,4.0,26.0,2.0,0.4117647058823529,O=C(NCc1ncno1)C(=O)N1CCN(c2ccccc2)CC1,0,True,2.3125147285489,-1.8811523047060275
Cc1ccccc1C(=O)NCC1CCN(C(=O)c2cscn2)C1,,0.9363816517549832,2.3436200000000005,2.645799487249837,0.0,O=C(NCC1CCN(C(=O)c2cscn2)C1)c1ccccc1,2.645799487249837,Cc1ccccc1C(=O)NCC1CCN(C(=O)c2cscn2)C1,0.9363816517549832,329.425,2.3436200000000005,62.3,4.0,1.0,4.0,23.0,2.0,0.3529411764705882,O=C(NCC1CCN(C(=O)c2cscn2)C1)c1ccccc1,0,True,2.645799487249837,-1.8812278354948542
COc1ccc(C(=O)NC[C@H](C)CNC(=O)Cc2ccccc2C)cn1,,0.7600844911126999,2.1234199999999994,2.580033298001565,0.0,O=C(Cc1ccccc1)NCCCNC(=O)c1cccnc1,2.580033298001565,COc1ccc(C(=O)NC[C@H](C)CNC(=O)Cc2ccccc2C)cn1,0.7600844911126999,355.43800000000005,2.1234199999999994,80.32000000000001,4.0,2.0,8.0,26.0,2.0,0.35,O=C(Cc1ccccc1)NCCCNC(=O)c1cccnc1,0,True,2.580033298001565,-1.8816588068888649
C[C@@H](NC(=O)CCc1ccccc1)c1ccc(F)cc1,,0.8835380837931862,3.6357000000000026,1.951193765096221,0.0,O=C(CCc1ccccc1)NCc1ccccc1,1.951193765096221,C[C@@H](NC(=O)CCc1ccccc1)c1ccc(F)cc1,0.8835380837931862,271.335,3.6357000000000026,29.1,1.0,1.0,5.0,20.0,2.0,0.2352941176470588,O=C(CCc1ccccc1)NCc1ccccc1,0,True,1.951193765096221,-1.885505681303036
Cc1ccc(N2CC(CNC(=O)C3(C)CCC3)C2)c(F)c1,,0.9245196081467548,2.876720000000001,2.37375293217306,0.0,O=C(NCC1CN(c2ccccc2)C1)C1CCC1,2.37375293217306,Cc1ccc(N2CC(CNC(=O)C3(C)CCC3)C2)c(F)c1,0.9245196081467548,290.38199999999995,2.876720000000001,32.34,2.0,1.0,4.0,21.0,1.0,0.5882352941176471,O=C(NCC1CN(c2ccccc2)C1)C1CCC1,0,True,2.37375293217306,-1.8875933240263059
CCc1ccc(C(=O)NC2CCN(c3ccccc3)CC2)s1,,0.9328356280314763,3.7093000000000025,1.9714697514175263,0.0,O=C(NC1CCN(c2ccccc2)CC1)c1cccs1,1.9714697514175263,CCc1ccc(C(=O)NC2CCN(c3ccccc3)CC2)s1,0.9328356280314763,314.45400000000006,3.7093000000000025,32.34,3.0,1.0,4.0,22.0,2.0,0.3888888888888889,O=C(NC1CCN(c2ccccc2)CC1)c1cccs1,0,True,1.9714697514175263,-1.8932841233860511
CC(C)(C)OC(=O)N1CC[C@@H](C(=O)NCC2CCCC2)C1,,0.8704441758004126,2.5498000000000003,2.492269503022616,0.0,O=C(NCC1CCCC1)[C@@H]1CCNC1,2.492269503022616,CC(C)(C)OC(=O)N1CC[C@@H](C(=O)NCC2CCCC2)C1,0.8704441758004126,296.41100000000006,2.5498000000000003,58.64,3.0,1.0,3.0,21.0,0.0,0.875,O=C(NCC1CCCC1)[C@@H]1CCNC1,0,True,2.492269503022616,-1.8967253272222035
CC(C)n1ccc(C(=O)N2CC(CNC(=O)c3ccc(F)cn3)C2)n1,,0.8905120943900434,1.5000999999999998,2.540403744537848,0.0,O=C(NCC1CN(C(=O)c2cc[nH]n2)C1)c1ccccn1,2.540403744537848,CC(C)n1ccc(C(=O)N2CC(CNC(=O)c3ccc(F)cn3)C2)n1,0.8905120943900434,345.37800000000004,1.5000999999999998,80.12,5.0,1.0,5.0,25.0,2.0,0.4117647058823529,O=C(NCC1CN(C(=O)c2cc[nH]n2)C1)c1ccccn1,0,True,2.540403744537848,-1.8998416501478044
COc1ccccc1C(=O)N1CC[C@H](c2ccccc2)C1,,0.863400310857599,3.324900000000002,2.101591584163634,0.0,O=C(c1ccccc1)N1CC[C@H](c2ccccc2)C1,2.101591584163634,COc1ccccc1C(=O)N1CC[C@H](c2ccccc2)C1,0.863400310857599,281.355,3.324900000000002,29.54,2.0,0.0,3.0,21.0,2.0,0.2777777777777778,O=C(c1ccccc1)N1CC[C@H](c2ccccc2)C1,0,True,2.101591584163634,-1.9006412733060358
CCCCOCC(=O)Nc1cccc(-c2ccccc2)c1,,0.7765669693197259,4.108800000000003,1.6235422332947174,0.0,c1ccc(-c2ccccc2)cc1,1.6235422332947174,CCCCOCC(=O)Nc1cccc(-c2ccccc2)c1,0.7765669693197259,283.37100000000004,4.108800000000003,38.33,2.0,1.0,7.0,21.0,2.0,0.2777777777777778,c1ccc(-c2ccccc2)cc1,0,True,1.6235422332947174,-1.901375263974993
CCOC(=O)C(=O)NC1CCN(C(=O)Nc2cccc(C(C)(C)C)c2)CC1,,0.6279844875980994,2.6597,2.2000114088234675,0.0,O=C(Nc1ccccc1)N1CCCCC1,2.2000114088234675,CCOC(=O)C(=O)NC1CCN(C(=O)Nc2cccc(C(C)(C)C)c2)CC1,0.6279844875980994,375.4690000000002,2.6597,87.74000000000001,4.0,2.0,3.0,27.0,1.0,0.55,O=C(Nc1ccccc1)N1CCCCC1,0,True,2.2000114088234675,-1.9018769212253681
Cc1cccnc1C(=O)N[C@H](C)CNC(=O)CCc1ccc(F)cc1,,0.8108641407641746,2.396420000000001,2.5166303510520454,0.0,O=C(CCc1ccccc1)NCCNC(=O)c1ccccn1,2.5166303510520454,Cc1cccnc1C(=O)N[C@H](C)CNC(=O)CCc1ccc(F)cc1,0.8108641407641746,343.40200000000004,2.396420000000001,71.09,3.0,2.0,7.0,25.0,2.0,0.3157894736842105,O=C(CCc1ccccc1)NCCNC(=O)c1ccccn1,0,True,2.5166303510520454,-1.9039762102878712
Cc1ccc(C(=O)Nc2nc(-c3ccccc3)ns2)cc1,,0.7999984929197768,3.7658200000000015,1.823237819675548,0.0,O=C(Nc1nc(-c2ccccc2)ns1)c1ccccc1,1.823237819675548,Cc1ccc(C(=O)Nc2nc(-c3ccccc3)ns2)cc1,0.7999984929197768,295.367,3.7658200000000015,54.88,4.0,1.0,3.0,21.0,3.0,0.0625,O=C(Nc1nc(-c2ccccc2)ns1)c1ccccc1,0,True,1.823237819675548,-1.906149326755772
Cc1cccc(CNC(=O)CCCNC(=O)[C@H]2CCOC2)c1,,0.7510190140264047,1.54412,2.430160494040184,0.0,O=C(CCCNC(=O)[C@H]1CCOC1)NCc1ccccc1,2.430160494040184,Cc1cccc(CNC(=O)CCCNC(=O)[C@H]2CCOC2)c1,0.7510190140264047,304.39000000000004,1.54412,67.43,3.0,2.0,7.0,22.0,1.0,0.5294117647058824,O=C(CCCNC(=O)[C@H]1CCOC1)NCc1ccccc1,0,True,2.430160494040184,-1.9070814800137794
CCc1cccc(C(=O)N2CCC(C)(NC(=O)c3ccnn3C)CC2)n1,,0.906873958005808,1.8022,2.715190922551121,0.0,O=C(NC1CCN(C(=O)c2ccccn2)CC1)c1ccn[nH]1,2.715190922551121,CCc1cccc(C(=O)N2CCC(C)(NC(=O)c3ccnn3C)CC2)n1,0.906873958005808,355.44200000000006,1.8022,80.12,5.0,1.0,4.0,26.0,2.0,0.4736842105263157,O=C(NC1CCN(C(=O)c2ccccn2)CC1)c1ccn[nH]1,0,True,2.715190922551121,-1.907216964545313
Cc1ccc(C(=O)NC2CCN(C(=O)N(C)Cc3ccc(F)cc3)CC2)cc1,,0.8774170862871608,3.580320000000003,1.999646103572108,0.0,O=C(NC1CCN(C(=O)NCc2ccccc2)CC1)c1ccccc1,1.999646103572108,Cc1ccc(C(=O)NC2CCN(C(=O)N(C)Cc3ccc(F)cc3)CC2)cc1,0.8774170862871608,383.4670000000001,3.580320000000003,52.650000000000006,2.0,1.0,4.0,28.0,2.0,0.3636363636363636,O=C(NC1CCN(C(=O)NCc2ccccc2)CC1)c1ccccc1,0,True,1.999646103572108,-1.9123890172849487
O=CNc1ccc(C(F)(F)F)nc1,,0.720422240007862,1.6687,2.4709092005582765,0.0,c1ccncc1,2.4709092005582765,O=CNc1ccc(C(F)(F)F)nc1,0.720422240007862,190.124,1.6687,41.99,2.0,1.0,2.0,13.0,1.0,0.1428571428571428,c1ccncc1,0,True,2.4709092005582765,-1.9161369605504142
CCOC(=O)N1CCC[C@@H](NC(=O)c2cn(-c3ccccc3)nn2)C1,,0.9110206815981244,1.618,2.636398537865232,0.0,O=C(N[C@@H]1CCCNC1)c1cn(-c2ccccc2)nn1,2.636398537865232,CCOC(=O)N1CCC[C@@H](NC(=O)c2cn(-c3ccccc3)nn2)C1,0.9110206815981244,343.38700000000006,1.618,89.35000000000001,6.0,1.0,4.0,25.0,2.0,0.4117647058823529,O=C(N[C@@H]1CCCNC1)c1cn(-c2ccccc2)nn1,0,True,2.636398537865232,-1.9163778562671077
CCCOc1ccc(C(=O)NCCCc2cccc(F)c2)cc1,,0.7484124975890455,3.9771000000000014,1.677813199547261,0.0,O=C(NCCCc1ccccc1)c1ccccc1,1.677813199547261,CCCOc1ccc(C(=O)NCCCc2cccc(F)c2)cc1,0.7484124975890455,315.388,3.9771000000000014,38.33,2.0,1.0,8.0,23.0,2.0,0.3157894736842105,O=C(NCCCc1ccccc1)c1ccccc1,0,True,1.677813199547261,-1.9179507019582163
CC(C)(C)c1csc(NC(=O)c2ccc(F)cc2)n1,,0.90669803824576,3.8320000000000025,1.9093190618677127,0.0,O=C(Nc1nccs1)c1ccccc1,1.9093190618677127,CC(C)(C)c1csc(NC(=O)c2ccc(F)cc2)n1,0.90669803824576,278.352,3.8320000000000025,41.99,3.0,1.0,2.0,19.0,2.0,0.2857142857142857,O=C(Nc1nccs1)c1ccccc1,0,True,1.9093190618677127,-1.918621023621954
COc1ccc(C(=O)N2CC[C@H](Cc3ccccc3)C2)cc1,,0.8649330650550122,3.400000000000002,2.0847793127214995,0.0,O=C(c1ccccc1)N1CC[C@H](Cc2ccccc2)C1,2.0847793127214995,COc1ccc(C(=O)N2CC[C@H](Cc3ccccc3)C2)cc1,0.8649330650550122,295.382,3.400000000000002,29.54,2.0,0.0,4.0,22.0,2.0,0.3157894736842105,O=C(c1ccccc1)N1CC[C@H](Cc2ccccc2)C1,0,True,2.0847793127214995,-1.9198462476664884
Cc1ccccc1OCCNC(=O)C1(c2ccccc2)CCC1,,0.8278531898422816,3.611920000000002,1.9438502624843217,0.0,O=C(NCCOc1ccccc1)C1(c2ccccc2)CCC1,1.9438502624843217,Cc1ccccc1OCCNC(=O)C1(c2ccccc2)CCC1,0.8278531898422816,309.4090000000001,3.611920000000002,38.33,2.0,1.0,6.0,23.0,2.0,0.35,O=C(NCCOc1ccccc1)C1(c2ccccc2)CCC1,0,True,1.9438502624843217,-1.921957072642041
Cc1cccnc1C(=O)N1CCC[C@@H]1CNC(=O)c1cccc(F)c1,,0.9296044737586352,2.563720000000001,2.569786376435113,0.0,O=C(NC[C@H]1CCCN1C(=O)c1ccccn1)c1ccccc1,2.569786376435113,Cc1cccnc1C(=O)N1CCC[C@@H]1CNC(=O)c1cccc(F)c1,0.9296044737586352,341.386,2.563720000000001,62.3,3.0,1.0,4.0,25.0,2.0,0.3157894736842105,O=C(NC[C@H]1CCCN1C(=O)c1ccccn1)c1ccccc1,0,True,2.569786376435113,-1.9220419026764781
COc1ccc(OCCNC(=O)C(=O)N2CC[C@H]2c2ccccc2)cc1,,0.6376415168172214,2.1638,2.485531944998403,0.0,O=C(NCCOc1ccccc1)C(=O)N1CC[C@H]1c1ccccc1,2.485531944998403,COc1ccc(OCCNC(=O)C(=O)N2CC[C@H]2c2ccccc2)cc1,0.6376415168172214,354.406,2.1638,67.86999999999999,4.0,1.0,6.0,26.0,2.0,0.3,O=C(NCCOc1ccccc1)C(=O)N1CC[C@H]1c1ccccc1,0,True,2.485531944998403,-1.9297904281811817
CC(C)(C)OC(=O)C1CCC(NC(=O)C(=O)Nc2cccc(F)c2)CC1,,0.6379988612283023,2.780900000000001,2.1774279726705945,0.0,O=C(Nc1ccccc1)C(=O)NC1CCCCC1,2.1774279726705945,CC(C)(C)OC(=O)C1CCC(NC(=O)C(=O)Nc2cccc(F)c2)CC1,0.6379988612283023,364.4170000000001,2.780900000000001,84.5,4.0,2.0,3.0,26.0,1.0,0.5263157894736842,O=C(Nc1ccccc1)C(=O)NC1CCCCC1,0,True,2.1774279726705945,-1.9298791114422926
CCc1cccc(CNC(=O)C(=O)N[C@@H](C)c2ccc(F)cc2)c1,,0.8293286242240142,2.8817000000000013,2.3202832916717195,0.0,O=C(NCc1ccccc1)C(=O)NCc1ccccc1,2.3202832916717195,CCc1cccc(CNC(=O)C(=O)N[C@@H](C)c2ccc(F)cc2)c1,0.8293286242240142,328.387,2.8817000000000013,58.2,2.0,2.0,5.0,24.0,2.0,0.2631578947368421,O=C(NCc1ccccc1)C(=O)NCc1ccccc1,0,True,2.3202832916717195,-1.931804667447706
Cc1ccoc1C(=O)NC1(C)CC1,,0.7526198274366404,1.87032,2.6206217280308053,0.0,O=C(NC1CC1)c1ccco1,2.6206217280308053,Cc1ccoc1C(=O)NC1(C)CC1,0.7526198274366404,179.21899999999997,1.87032,42.24,2.0,1.0,2.0,13.0,1.0,0.5,O=C(NC1CC1)c1ccco1,0,True,2.6206217280308053,-1.932841900594165
Cc1ccc(C(=O)N2CCN(c3c(F)cccc3F)CC2)s1,,0.8468778036647697,3.2971200000000023,2.1333910991222425,0.0,O=C(c1cccs1)N1CCN(c2ccccc2)CC1,2.1333910991222425,Cc1ccc(C(=O)N2CCN(c3c(F)cccc3F)CC2)s1,0.8468778036647697,322.3800000000001,3.2971200000000023,23.550000000000004,3.0,0.0,2.0,22.0,2.0,0.3125,O=C(c1cccs1)N1CCN(c2ccccc2)CC1,0,True,2.1333910991222425,-1.9350732954574739
CC(C)(C)OC(=O)C(=O)N1CCC(C(=O)NCc2cccc(N3CCOCC3)c2)CC1,,0.5769811927349704,1.7196999999999991,2.374704764610353,0.0,O=C(NCc1cccc(N2CCOCC2)c1)C1CCNCC1,2.374704764610353,CC(C)(C)OC(=O)C(=O)N1CCC(C(=O)NCc2cccc(N3CCOCC3)c2)CC1,0.5769811927349704,431.5330000000003,1.7196999999999991,88.18,6.0,1.0,4.0,31.0,1.0,0.6086956521739131,O=C(NCc1cccc(N2CCOCC2)c1)C1CCNCC1,0,True,2.374704764610353,-1.9378735718753832
CNC(=O)C(=O)NCc1ccccc1C,,0.6862098574842203,0.3572199999999998,1.803144375839564,0.0,c1ccccc1,1.803144375839564,CNC(=O)C(=O)NCc1ccccc1C,0.6862098574842203,206.245,0.3572199999999998,58.2,2.0,2.0,2.0,15.0,1.0,0.2727272727272727,c1ccccc1,0,True,1.803144375839564,-1.9383245183553437
Cc1cccc(C(=O)N2CCC[C@H](CNC(=O)c3cccnc3C)C2)n1,,0.9166060428292976,2.3756400000000006,2.669974140424598,0.0,O=C(NC[C@H]1CCCN(C(=O)c2ccccn2)C1)c1cccnc1,2.669974140424598,Cc1cccc(C(=O)N2CCC[C@H](CNC(=O)c3cccnc3C)C2)n1,0.9166060428292976,352.43800000000005,2.3756400000000006,75.19,4.0,1.0,4.0,26.0,2.0,0.4,O=C(NC[C@H]1CCCN(C(=O)c2ccccn2)C1)c1cccnc1,0,True,2.669974140424598,-1.9411880975953006
Cn1c(NC(=O)c2cnc3cccn3c2)nc2ccccc21,,0.6168127280943465,2.4733,2.324005809109833,0.0,O=C(Nc1nc2ccccc2[nH]1)c1cnc2cccn2c1,2.324005809109833,Cn1c(NC(=O)c2cnc3cccn3c2)nc2ccccc21,0.6168127280943465,291.314,2.4733,64.22,5.0,1.0,2.0,22.0,4.0,0.0625,O=C(Nc1nc2ccccc2[nH]1)c1cnc2cccn2c1,0,True,2.324005809109833,-1.9438430810154865
CC(C)(C)OC(=O)NC1CC(NC(=O)c2cc3ccccc3[nH]2)C1,,0.8093632037997017,2.953400000000001,2.279843992801206,0.0,O=C(NC1CCC1)c1cc2ccccc2[nH]1,2.279843992801206,CC(C)(C)OC(=O)NC1CC(NC(=O)c2cc3ccccc3[nH]2)C1,0.8093632037997017,329.40000000000003,2.953400000000001,83.22,3.0,3.0,3.0,24.0,2.0,0.4444444444444444,O=C(NC1CCC1)c1cc2ccccc2[nH]1,0,True,2.279843992801206,-1.947180789001505
CCc1ccc(C(=O)N[C@@H](C)CNC(=O)CCc2ccccn2)cn1,,0.7686986895130151,1.9063,2.671237730714635,0.0,O=C(CCc1ccccn1)NCCNC(=O)c1cccnc1,2.671237730714635,CCc1ccc(C(=O)N[C@@H](C)CNC(=O)CCc2ccccn2)cn1,0.7686986895130151,340.427,1.9063,83.98,4.0,2.0,8.0,25.0,2.0,0.3684210526315789,O=C(CCc1ccccn1)NCCNC(=O)c1cccnc1,0,True,2.671237730714635,-1.94938904120162
CC(C)(CNC(=O)N1CCCCCC1)c1ccc(F)cc1,,0.9051136124499848,3.688900000000003,2.013649096312223,0.0,O=C(NCCc1ccccc1)N1CCCCCC1,2.013649096312223,CC(C)(CNC(=O)N1CCCCCC1)c1ccc(F)cc1,0.9051136124499848,292.398,3.688900000000003,32.34,1.0,1.0,3.0,21.0,1.0,0.5882352941176471,O=C(NCCc1ccccc1)N1CCCCCC1,0,True,2.013649096312223,-1.9529854838622398
CC(C)(C)CC(=O)NC1CC(Cc2ccccc2)C1,,0.8798004705322037,3.560100000000002,2.0541737955955224,0.0,c1ccc(CC2CCC2)cc1,2.0541737955955224,CC(C)(C)CC(=O)NC1CC(Cc2ccccc2)C1,0.8798004705322037,259.39300000000003,3.560100000000002,29.1,1.0,1.0,4.0,19.0,1.0,0.5882352941176471,c1ccc(CC2CCC2)cc1,0,True,2.0541737955955224,-1.9544233250633196
CCOC(=O)[C@H]1CCN(C(=O)C2CCCCCC2)C1,,0.5823429762104717,2.3684000000000003,2.3531750913669534,0.0,O=C(C1CCCCCC1)N1CCCC1,2.3531750913669534,CCOC(=O)[C@H]1CCN(C(=O)C2CCCCCC2)C1,0.5823429762104717,267.3689999999999,2.3684000000000003,46.61,3.0,0.0,3.0,19.0,0.0,0.8666666666666667,O=C(C1CCCCCC1)N1CCCC1,0,True,2.3531750913669534,-1.9550321151564818
COc1ccc(CSc2nc3ccccc3c(=O)[nH]2)cc1,,0.593317190765933,3.224000000000001,1.9397838474183,0.0,O=c1[nH]c(SCc2ccccc2)nc2ccccc12,1.9397838474183,COc1ccc(CSc2nc3ccccc3c(=O)[nH]2)cc1,0.593317190765933,298.367,3.224000000000001,54.98,4.0,1.0,4.0,21.0,3.0,0.125,O=c1[nH]c(SCc2ccccc2)nc2ccccc12,0,True,1.9397838474183,-1.9584666566523676
CC[C@@H](C)CNC(=O)NC1CCN(C(=O)c2ccc(F)cc2)CC1,,0.8690652160711919,2.7756000000000007,2.4405092388588603,0.0,O=C(c1ccccc1)N1CCCCC1,2.4405092388588603,CC[C@@H](C)CNC(=O)NC1CCN(C(=O)c2ccc(F)cc2)CC1,0.8690652160711919,335.42300000000006,2.7756000000000007,61.440000000000005,2.0,2.0,5.0,24.0,1.0,0.5555555555555556,O=C(c1ccccc1)N1CCCCC1,0,True,2.4405092388588603,-1.9592440227876686
Cc1cccc(OCCNC(=O)NC2CCN(c3ccc(F)cc3)CC2)c1,,0.7646630583104334,3.4811200000000024,1.9884703405362456,0.0,O=C(NCCOc1ccccc1)NC1CCN(c2ccccc2)CC1,1.9884703405362456,Cc1cccc(OCCNC(=O)NC2CCN(c3ccc(F)cc3)CC2)c1,0.7646630583104334,371.4560000000001,3.4811200000000024,53.6,3.0,2.0,6.0,27.0,2.0,0.3809523809523809,O=C(NCCOc1ccccc1)NC1CCN(c2ccccc2)CC1,0,True,1.9884703405362456,-1.9643672822258136
Cc1cccc(C(=O)Nc2nc(-c3ccccc3)ns2)c1,,0.7999984929197768,3.7658200000000015,1.8814688411131293,0.0,O=C(Nc1nc(-c2ccccc2)ns1)c1ccccc1,1.8814688411131293,Cc1cccc(C(=O)Nc2nc(-c3ccccc3)ns2)c1,0.7999984929197768,295.367,3.7658200000000015,54.88,4.0,1.0,3.0,21.0,3.0,0.0625,O=C(Nc1nc(-c2ccccc2)ns1)c1ccccc1,0,True,1.8814688411131293,-1.9643803481933533
Cc1ccc(C(=O)NC[C@@H]2CCN(C(=O)C3(C)CC3)C2)cn1,,0.921650571929222,1.7684199999999997,2.7739371468955234,0.0,O=C(NC[C@@H]1CCN(C(=O)C2CC2)C1)c1cccnc1,2.7739371468955234,Cc1ccc(C(=O)NC[C@@H]2CCN(C(=O)C3(C)CC3)C2)cn1,0.921650571929222,301.39000000000004,1.7684199999999997,62.3,3.0,1.0,4.0,22.0,1.0,0.5882352941176471,O=C(NC[C@@H]1CCN(C(=O)C2CC2)C1)c1cccnc1,0,True,2.7739371468955234,-1.9680765749663016
Cc1ncoc1C(=O)N1CC(CNC(=O)CCC2CCCCC2)C1,,0.8678289913464122,2.53172,2.570812894487755,0.0,O=C(CCC1CCCCC1)NCC1CN(C(=O)c2cnco2)C1,2.570812894487755,Cc1ncoc1C(=O)N1CC(CNC(=O)CCC2CCCCC2)C1,0.8678289913464122,333.4320000000002,2.53172,75.44,4.0,1.0,6.0,24.0,1.0,0.7222222222222222,O=C(CCC1CCCCC1)NCC1CN(C(=O)c2cnco2)C1,0,True,2.570812894487755,-1.9688439031413427
Cc1cccc(C(=O)NC2(NC(=O)c3cccnc3)CCCC2)n1,,0.8446994658712884,2.21512,2.7171217672007195,0.0,O=C(NC1(NC(=O)c2ccccn2)CCCC1)c1cccnc1,2.7171217672007195,Cc1cccc(C(=O)NC2(NC(=O)c3cccnc3)CCCC2)n1,0.8446994658712884,324.3840000000002,2.21512,83.98,4.0,2.0,4.0,24.0,2.0,0.3333333333333333,O=C(NC1(NC(=O)c2ccccn2)CCCC1)c1cccnc1,0,True,2.7171217672007195,-1.979982301329431
Cc1ccc(CNC(=O)NC[C@H]2CCCO2)cn1,,0.8467620488167034,1.36822,2.5120338815266585,0.0,O=C(NCc1cccnc1)NC[C@H]1CCCO1,2.5120338815266585,Cc1ccc(CNC(=O)NC[C@H]2CCCO2)cn1,0.8467620488167034,249.314,1.36822,63.25,3.0,2.0,4.0,18.0,1.0,0.5384615384615384,O=C(NCc1cccnc1)NC[C@H]1CCCO1,0,True,2.5120338815266585,-1.9811618327099552
COc1ccc(CNC(=O)c2ccc(NC(=O)c3cccs3)cc2)cc1,,0.6943271260735457,3.939000000000002,1.7102017971559675,0.0,O=C(NCc1ccccc1)c1ccc(NC(=O)c2cccs2)cc1,1.7102017971559675,COc1ccc(CNC(=O)c2ccc(NC(=O)c3cccs3)cc2)cc1,0.6943271260735457,366.442,3.939000000000002,67.43,4.0,2.0,6.0,26.0,3.0,0.1,O=C(NCc1ccccc1)c1ccc(NC(=O)c2cccs2)cc1,0,True,1.7102017971559675,-1.9853746710824227
CCCCC(=O)N1CCCC1CNCc1ccccc1,,0.8288256785307464,2.9574000000000016,2.335768468432814,0.0,c1ccc(CNCC2CCCN2)cc1,2.335768468432814,CCCCC(=O)N1CCCC1CNCc1ccccc1,0.8288256785307464,274.408,2.9574000000000016,32.34,2.0,1.0,7.0,20.0,1.0,0.5882352941176471,c1ccc(CNCC2CCCN2)cc1,0,True,2.335768468432814,-1.9856427899020686
Cc1ccccc1C(=O)N[C@H](C)CCNC(=O)CC1CCOCC1,,0.8057420095869233,2.436320000000001,2.573481123778155,0.0,O=C(CC1CCOCC1)NCCCNC(=O)c1ccccc1,2.573481123778155,Cc1ccccc1C(=O)N[C@H](C)CCNC(=O)CC1CCOCC1,0.8057420095869233,332.44400000000013,2.436320000000001,67.43,3.0,2.0,7.0,24.0,1.0,0.5789473684210527,O=C(CC1CCOCC1)NCCCNC(=O)c1ccccc1,0,True,2.573481123778155,-1.9858991141912323
COc1ccc(C(=O)NC[C@@H](C)CNC(=O)c2ccc(F)c(C)c2)nc1,,0.7951371927420887,2.33362,2.6175017911522502,0.0,O=C(NCCCNC(=O)c1ccccn1)c1ccccc1,2.6175017911522502,COc1ccc(C(=O)NC[C@@H](C)CNC(=O)c2ccc(F)c(C)c2)nc1,0.7951371927420887,359.40100000000007,2.33362,80.32000000000001,4.0,2.0,7.0,26.0,2.0,0.3157894736842105,O=C(NCCCNC(=O)c1ccccn1)c1ccccc1,0,True,2.6175017911522502,-1.9891745984101614
Cc1occc1C(=O)Nc1ccc(NC(=O)C(=O)NCCc2ccccc2)cc1,,0.5621174523370753,3.1377200000000016,1.9835277574804488,0.0,O=C(NCCc1ccccc1)C(=O)Nc1ccc(NC(=O)c2ccoc2)cc1,1.9835277574804488,Cc1occc1C(=O)Nc1ccc(NC(=O)C(=O)NCCc2ccccc2)cc1,0.5621174523370753,391.4270000000001,3.1377200000000016,100.44,4.0,3.0,6.0,29.0,3.0,0.1363636363636363,O=C(NCCc1ccccc1)C(=O)Nc1ccc(NC(=O)c2ccoc2)cc1,0,True,1.9835277574804488,-1.9902703051433743
Cc1ccc(-n2cc(C(=O)N3CCc4ccccc43)cn2)cc1,,0.7276438319673904,3.3836200000000023,2.0261227810105744,0.0,O=C(c1cnn(-c2ccccc2)c1)N1CCc2ccccc21,2.0261227810105744,Cc1ccc(-n2cc(C(=O)N3CCc4ccccc43)cn2)cc1,0.7276438319673904,303.365,3.3836200000000023,38.13,3.0,0.0,2.0,23.0,3.0,0.1578947368421052,O=C(c1cnn(-c2ccccc2)c1)N1CCc2ccccc21,0,True,2.0261227810105744,-1.9902889490431852
CCN(CC)c1ccc(Oc2cccc(O)c2)cc1,,0.8773613429657243,4.030700000000003,1.853066892242465,0.0,c1ccc(Oc2ccccc2)cc1,1.853066892242465,CCN(CC)c1ccc(Oc2cccc(O)c2)cc1,0.8773613429657243,257.333,4.030700000000003,32.7,3.0,1.0,5.0,19.0,2.0,0.25,c1ccc(Oc2ccccc2)cc1,0,True,1.853066892242465,-1.991055549276742
COc1ccc(NC(=O)N2CCC[C@H](n3cccn3)C2)cc1,,0.9478961981851824,2.760700000000001,2.5586206588753466,0.0,O=C(Nc1ccccc1)N1CCC[C@H](n2cccn2)C1,2.5586206588753466,COc1ccc(NC(=O)N2CCC[C@H](n3cccn3)C2)cc1,0.9478961981851824,300.362,2.760700000000001,59.39,4.0,1.0,3.0,22.0,2.0,0.375,O=C(Nc1ccccc1)N1CCC[C@H](n2cccn2)C1,0,True,2.5586206588753466,-1.9910744606901645
CCc1ccc(C(=O)NC[C@@H](C)CNC(=O)c2cccnc2C)cn1,,0.8087211245506777,2.14332,2.730600900502594,0.0,O=C(NCCCNC(=O)c1cccnc1)c1cccnc1,2.730600900502594,CCc1ccc(C(=O)NC[C@@H](C)CNC(=O)c2cccnc2C)cn1,0.8087211245506777,340.427,2.14332,83.98,4.0,2.0,7.0,25.0,2.0,0.3684210526315789,O=C(NCCCNC(=O)c1cccnc1)c1cccnc1,0,True,2.730600900502594,-1.9935397759519167
Cc1cccc(C(=O)NC[C@@H](C)CNC(=O)c2ccn(C)n2)c1,,0.8486762738854499,1.5244199999999997,2.604945007354731,0.0,O=C(NCCCNC(=O)c1cc[nH]n1)c1ccccc1,2.604945007354731,Cc1cccc(C(=O)NC[C@@H](C)CNC(=O)c2ccn(C)n2)c1,0.8486762738854499,314.389,1.5244199999999997,76.02000000000001,4.0,2.0,6.0,23.0,2.0,0.3529411764705882,O=C(NCCCNC(=O)c1cc[nH]n1)c1ccccc1,0,True,2.604945007354731,-1.9940587334692812
Cc1ccc(C(=O)Nc2cccc(C3CC3)n2)c(C)c1,,0.9170132702439504,3.828140000000002,2.002110850336493,0.0,O=C(Nc1cccc(C2CC2)n1)c1ccccc1,2.002110850336493,Cc1ccc(C(=O)Nc2cccc(C3CC3)n2)c(C)c1,0.9170132702439504,266.344,3.828140000000002,41.99,2.0,1.0,3.0,20.0,2.0,0.2941176470588235,O=C(Nc1cccc(C2CC2)n1)c1ccccc1,0,True,2.002110850336493,-1.9991675800925435
Cc1ccc(-c2csc(NC(=O)c3ccccc3)n2)cc1,,0.7790039366165392,4.370820000000003,1.5933439987423856,0.0,O=C(Nc1nc(-c2ccccc2)cs1)c1ccccc1,1.5933439987423856,Cc1ccc(-c2csc(NC(=O)c3ccccc3)n2)cc1,0.7790039366165392,294.379,4.370820000000003,41.99,3.0,1.0,3.0,21.0,3.0,0.0588235294117647,O=C(Nc1nc(-c2ccccc2)cs1)c1ccccc1,0,True,1.5933439987423856,-1.9997500621258477
CCC1(c2ccccc2)CCOCC1,,0.6957979309110969,3.144800000000002,2.1233687658047096,0.0,c1ccc(C2CCOCC2)cc1,2.1233687658047096,CCC1(c2ccccc2)CCOCC1,0.6957979309110969,190.2859999999999,3.144800000000002,9.23,1.0,0.0,2.0,14.0,1.0,0.5384615384615384,c1ccc(C2CCOCC2)cc1,0,True,2.1233687658047096,-1.9999708348936136
Cc1ccccc1C(=O)N1CCC(COCc2ccccc2)CC1,,0.8301141377190955,4.064020000000004,1.799402474319688,0.0,O=C(c1ccccc1)N1CCC(COCc2ccccc2)CC1,1.799402474319688,Cc1ccccc1C(=O)N1CCC(COCc2ccccc2)CC1,0.8301141377190955,323.43600000000004,4.064020000000004,29.540000000000003,2.0,0.0,5.0,24.0,2.0,0.3809523809523809,O=C(c1ccccc1)N1CCC(COCc2ccccc2)CC1,0,True,1.799402474319688,-2.0012983366005943
CCC1(C)CC(C(=O)NC2CCN(C(=O)c3ccco3)CC2)C1,,0.9282944801551338,2.826700000000001,2.517798186435373,0.0,O=C(NC1CCN(C(=O)c2ccco2)CC1)C1CCC1,2.517798186435373,CCC1(C)CC(C(=O)NC2CCN(C(=O)c3ccco3)CC2)C1,0.9282944801551338,318.4170000000001,2.826700000000001,62.55,3.0,1.0,4.0,23.0,1.0,0.6666666666666666,O=C(NC1CCN(C(=O)c2ccco2)CC1)C1CCC1,0,True,2.517798186435373,-2.0028537062802396
Cc1ccc(-c2ccc(NC(=O)Cc3ccccc3)nc2)cc1,,0.7830085629815464,4.238220000000002,1.667422666200011,0.0,O=C(Cc1ccccc1)Nc1ccc(-c2ccccc2)cn1,1.667422666200011,Cc1ccc(-c2ccc(NC(=O)Cc3ccccc3)nc2)cc1,0.7830085629815464,302.377,4.238220000000002,41.99,2.0,1.0,4.0,23.0,3.0,0.1,O=C(Cc1ccccc1)Nc1ccc(-c2ccccc2)cn1,0,True,1.667422666200011,-2.0035241032184654
Cc1ccc(C2(N(C)C(=O)C(=O)NCc3ccccc3)CCC2)cc1,,0.872140687335126,3.149020000000002,2.3015442032096107,0.0,O=C(NCc1ccccc1)C(=O)NC1(c2ccccc2)CCC1,2.3015442032096107,Cc1ccc(C2(N(C)C(=O)C(=O)NCc3ccccc3)CCC2)cc1,0.872140687335126,336.4350000000002,3.149020000000002,49.41,2.0,1.0,4.0,25.0,2.0,0.3333333333333333,O=C(NCc1ccccc1)C(=O)NC1(c2ccccc2)CCC1,0,True,2.3015442032096107,-2.0039135158744856
CC(=O)N1CCC[C@H]1NC(=O)c1cc2ccccc2[nH]1,,0.8753455305505058,1.8661,2.812754898699461,0.0,O=C(N[C@@H]1CCCN1)c1cc2ccccc2[nH]1,2.812754898699461,CC(=O)N1CCC[C@H]1NC(=O)c1cc2ccccc2[nH]1,0.8753455305505058,271.32,1.8661,65.2,2.0,2.0,2.0,20.0,2.0,0.3333333333333333,O=C(N[C@@H]1CCCN1)c1cc2ccccc2[nH]1,0,True,2.812754898699461,-2.0043593681489553
COC(=O)[C@@H]1CCC[C@@H]1NC(=O)c1c(F)cccc1F,,0.8636188258098836,2.0363,2.8499829872410416,0.0,O=C(NC1CCCC1)c1ccccc1,2.8499829872410416,COC(=O)[C@@H]1CCC[C@@H]1NC(=O)c1c(F)cccc1F,0.8636188258098836,283.274,2.0363,55.4,3.0,1.0,3.0,20.0,1.0,0.4285714285714285,O=C(NC1CCCC1)c1ccccc1,0,True,2.8499829872410416,-2.004514161431158
Cc1ccc(C(=O)NC[C@]2(O)CCN(C(=O)c3ccc(F)cc3)C2)o1,,0.8832883290483576,1.73412,2.754989911491606,0.0,O=C(NCC1CCN(C(=O)c2ccccc2)C1)c1ccco1,2.754989911491606,Cc1ccc(C(=O)NC[C@]2(O)CCN(C(=O)c3ccc(F)cc3)C2)o1,0.8832883290483576,346.35800000000006,1.73412,82.78,4.0,2.0,4.0,25.0,2.0,0.3333333333333333,O=C(NCC1CCN(C(=O)c2ccccc2)C1)c1ccco1,0,True,2.754989911491606,-2.004641582443248
Cc1ccc(-c2nnc(NC(=O)C3CCCCC3)s2)cc1,,0.9307860846704572,4.032320000000003,1.9231185258546155,0.0,O=C(Nc1nnc(-c2ccccc2)s1)C1CCCCC1,1.9231185258546155,Cc1ccc(-c2nnc(NC(=O)C3CCCCC3)s2)cc1,0.9307860846704572,301.415,4.032320000000003,54.88,4.0,1.0,3.0,21.0,2.0,0.4375,O=C(Nc1nnc(-c2ccccc2)s1)C1CCCCC1,0,True,1.9231185258546155,-2.00849244118416
Cc1nc2ccccc2nc1C(=O)N1CCC(n2cccn2)CC1,,0.7276438702039173,2.612020000000001,2.4346640127812265,0.0,O=C(c1cnc2ccccc2n1)N1CCC(n2cccn2)CC1,2.4346640127812265,Cc1nc2ccccc2nc1C(=O)N1CCC(n2cccn2)CC1,0.7276438702039173,321.384,2.612020000000001,63.91,5.0,0.0,2.0,24.0,3.0,0.3333333333333333,O=C(c1cnc2ccccc2n1)N1CCC(n2cccn2)CC1,0,True,2.4346640127812265,-2.0130301425773096
CCOC(=O)c1cccc(NC(=O)C2(c3ccccc3)CCC2)c1,,0.8484574889815484,3.923700000000003,1.9027380076099296,0.0,O=C(Nc1ccccc1)C1(c2ccccc2)CCC1,1.9027380076099296,CCOC(=O)c1cccc(NC(=O)C2(c3ccccc3)CCC2)c1,0.8484574889815484,323.3920000000001,3.923700000000003,55.4,3.0,1.0,5.0,24.0,2.0,0.3,O=C(Nc1ccccc1)C1(c2ccccc2)CCC1,0,True,1.9027380076099296,-2.0161305186283824
Cc1ccccc1CCC(=O)Nc1ccc(C2CC2)cc1,,0.8607650579039886,4.4437200000000034,1.6552082358167866,0.0,O=C(CCc1ccccc1)Nc1ccc(C2CC2)cc1,1.6552082358167866,Cc1ccccc1CCC(=O)Nc1ccc(C2CC2)cc1,0.8607650579039886,279.383,4.4437200000000034,29.1,1.0,1.0,5.0,21.0,2.0,0.3157894736842105,O=C(CCc1ccccc1)Nc1ccc(C2CC2)cc1,0,True,1.6552082358167866,-2.0163031779128
Cc1cccc(NC(=O)N2CCC[C@H]2CNC(=O)C2CCOCC2)c1,,0.8808621710670673,2.5341200000000006,2.634613922480616,0.0,O=C(NC[C@@H]1CCCN1C(=O)Nc1ccccc1)C1CCOCC1,2.634613922480616,Cc1cccc(NC(=O)N2CCC[C@H]2CNC(=O)C2CCOCC2)c1,0.8808621710670673,345.4430000000001,2.5341200000000006,70.67,3.0,2.0,4.0,25.0,1.0,0.5789473684210527,O=C(NC[C@@H]1CCCN1C(=O)Nc1ccccc1)C1CCOCC1,0,True,2.634613922480616,-2.0208117514135493
COc1ncccc1C(=O)N1CCC[C@H]1c1ccccc1,,0.868557090172222,3.0675000000000017,2.35677619954825,0.0,O=C(c1cccnc1)N1CCC[C@H]1c1ccccc1,2.35677619954825,COc1ncccc1C(=O)N1CCC[C@H]1c1ccccc1,0.868557090172222,282.343,3.0675000000000017,42.43,3.0,0.0,3.0,21.0,2.0,0.2941176470588235,O=C(c1cccnc1)N1CCC[C@H]1c1ccccc1,0,True,2.35677619954825,-2.0219691093760286
CCc1ccc(NC(=O)[C@@H]2CCCN2S(=O)(=O)c2ccc(F)cc2)cc1,,0.8715593596045469,3.1799000000000017,2.304253951320847,0.0,O=C(Nc1ccccc1)[C@@H]1CCCN1S(=O)(=O)c1ccccc1,2.304253951320847,CCc1ccc(NC(=O)[C@@H]2CCCN2S(=O)(=O)c2ccc(F)cc2)cc1,0.8715593596045469,376.453,3.1799000000000017,66.48,3.0,1.0,5.0,26.0,2.0,0.3157894736842105,O=C(Nc1ccccc1)[C@@H]1CCCN1S(=O)(=O)c1ccccc1,0,True,2.304253951320847,-2.022644591716301
Cc1cccc(C)c1C(=O)N1CCC[C@H]1CNC(=O)c1cncn1C,,0.9264223320134825,2.07154,2.915967274128967,0.0,O=C(NC[C@@H]1CCCN1C(=O)c1ccccc1)c1cnc[nH]1,2.915967274128967,Cc1cccc(C)c1C(=O)N1CCC[C@H]1CNC(=O)c1cncn1C,0.9264223320134825,340.427,2.07154,67.23,4.0,1.0,4.0,25.0,2.0,0.4210526315789473,O=C(NC[C@@H]1CCCN1C(=O)c1ccccc1)c1cnc[nH]1,0,True,2.915967274128967,-2.025314942115484
CCc1ccc(C(=O)N2CCC(NC(=O)OC(C)(C)C)CC2)cc1C,,0.9079772008998612,3.686720000000003,2.0900123221494926,0.0,O=C(c1ccccc1)N1CCCCC1,2.0900123221494926,CCc1ccc(C(=O)N2CCC(NC(=O)OC(C)(C)C)CC2)cc1C,0.9079772008998612,346.4710000000001,3.686720000000003,58.64,3.0,1.0,3.0,25.0,1.0,0.6,O=C(c1ccccc1)N1CCCCC1,0,True,2.0900123221494926,-2.025395121249633
Cc1cccc(Oc2ccc(CNC(=O)C(=O)NCc3ccccc3)cc2)c1,,0.6464000801754984,3.719920000000002,1.812306689961808,0.0,O=C(NCc1ccccc1)C(=O)NCc1ccc(Oc2ccccc2)cc1,1.812306689961808,Cc1cccc(Oc2ccc(CNC(=O)C(=O)NCc3ccccc3)cc2)c1,0.6464000801754984,374.4400000000001,3.719920000000002,67.42999999999999,3.0,2.0,6.0,28.0,3.0,0.1304347826086956,O=C(NCc1ccccc1)C(=O)NCc1ccc(Oc2ccccc2)cc1,0,True,1.812306689961808,-2.0258666097863105
CCC(C)(C)CNC(=O)c1ccc(C(=O)[O-])cc1,,0.8512994759848735,1.2160999999999995,2.490458695222684,0.0,c1ccccc1,2.490458695222684,CCC(C)(C)CNC(=O)c1ccc(C(=O)[O-])cc1,0.8512994759848735,248.302,1.2160999999999995,69.23,3.0,1.0,5.0,18.0,1.0,0.4285714285714285,c1ccccc1,0,True,2.490458695222684,-2.031109219237811
Cc1ccc([C@@H](C)NC(=O)NCc2ccc(F)cn2)cc1,,0.9076006718705236,3.089520000000001,2.3959477343763016,0.0,O=C(NCc1ccccc1)NCc1ccccn1,2.3959477343763016,Cc1ccc([C@@H](C)NC(=O)NCc2ccc(F)cn2)cc1,0.9076006718705236,287.338,3.089520000000001,54.02,2.0,2.0,4.0,21.0,2.0,0.25,O=C(NCc1ccccc1)NCc1ccccn1,0,True,2.3959477343763016,-2.0331070625057786
CC(C)c1ccc(C(=O)N2CCCN(C(=O)OC(C)(C)C)CC2)cc1,,0.8160685449033618,3.8930000000000033,1.9083853990725697,0.0,O=C(c1ccccc1)N1CCCNCC1,1.9083853990725697,CC(C)c1ccc(C(=O)N2CCCN(C(=O)OC(C)(C)C)CC2)cc1,0.8160685449033618,346.47100000000006,3.8930000000000033,49.85000000000001,3.0,0.0,2.0,25.0,1.0,0.6,O=C(c1ccccc1)N1CCCNCC1,0,True,1.9083853990725697,-2.0388168541692098
Cc1ccc(C(=O)NC[C@@H](C)CNC(=O)CCc2cnc[nH]2)cc1,,0.6907861517902427,1.8330199999999992,2.647120264049647,0.0,O=C(CCc1cnc[nH]1)NCCCNC(=O)c1ccccc1,2.647120264049647,Cc1ccc(C(=O)NC[C@@H](C)CNC(=O)CCc2cnc[nH]2)cc1,0.6907861517902427,328.416,1.8330199999999992,86.88,3.0,3.0,8.0,24.0,2.0,0.3888888888888889,O=C(CCc1cnc[nH]1)NCCCNC(=O)c1ccccc1,0,True,2.647120264049647,-2.0398241122594047
Cc1ccccc1-c1cc(CNC(=O)C2CCCCC2)no1,,0.9325180420229374,3.8465200000000026,2.049914703340603,0.0,O=C(NCc1cc(-c2ccccc2)on1)C1CCCCC1,2.049914703340603,Cc1ccccc1-c1cc(CNC(=O)C2CCCCC2)no1,0.9325180420229374,298.386,3.8465200000000026,55.13,3.0,1.0,4.0,22.0,2.0,0.4444444444444444,O=C(NCc1cc(-c2ccccc2)on1)C1CCCCC1,0,True,2.049914703340603,-2.0406566613176667
CC(C)COC(=O)N1CCC[C@H]1CNC(=O)c1cccc(F)c1,,0.9066762280638913,2.812500000000001,2.541549093893193,0.0,O=C(NC[C@@H]1CCCN1)c1ccccc1,2.541549093893193,CC(C)COC(=O)N1CCC[C@H]1CNC(=O)c1cccc(F)c1,0.9066762280638913,322.38,2.812500000000001,58.64,3.0,1.0,5.0,23.0,1.0,0.5294117647058824,O=C(NC[C@@H]1CCCN1)c1ccccc1,0,True,2.541549093893193,-2.041122865829302
Cc1cc(C)cc(OCCNC(=O)C(=O)NCc2cccc(OC(C)C)c2)c1,,0.5419778863826139,2.9020400000000004,2.132147189633077,0.0,O=C(NCCOc1ccccc1)C(=O)NCc1ccccc1,2.132147189633077,Cc1cc(C)cc(OCCNC(=O)C(=O)NCc2cccc(OC(C)C)c2)c1,0.5419778863826139,384.4760000000001,2.9020400000000004,76.66,4.0,2.0,8.0,28.0,2.0,0.3636363636363636,O=C(NCCOc1ccccc1)C(=O)NCc1ccccc1,0,True,2.132147189633077,-2.041189303250463
CC(C)c1ccc(NC(=O)Cc2nc3ccccc3[nH]2)cc1,,0.7669145829582761,3.8675000000000015,1.875176104439504,0.0,O=C(Cc1nc2ccccc2[nH]1)Nc1ccccc1,1.875176104439504,CC(C)c1ccc(NC(=O)Cc2nc3ccccc3[nH]2)cc1,0.7669145829582761,293.36999999999995,3.8675000000000015,57.78,2.0,2.0,4.0,22.0,3.0,0.2222222222222222,O=C(Cc1nc2ccccc2[nH]1)Nc1ccccc1,0,True,1.875176104439504,-2.042011521481229
CC1(N)Cc2ccccc2C1,,0.5910145617627182,1.5026000000000002,2.38458892190517,0.0,c1ccc2c(c1)CCC2,2.38458892190517,CC1(N)Cc2ccccc2C1,0.5910145617627182,147.22099999999995,1.5026000000000002,26.02,1.0,1.0,0.0,11.0,1.0,0.4,c1ccc2c(c1)CCC2,0,True,2.38458892190517,-2.042274360142452
Cc1ccccc1C(=O)NC1C[NH+](CCCCc2ccccc2)C1,,0.7511038088848518,2.0148199999999994,2.7865833056622584,0.0,O=C(NC1C[NH+](CCCCc2ccccc2)C1)c1ccccc1,2.7865833056622584,Cc1ccccc1C(=O)NC1C[NH+](CCCCc2ccccc2)C1,0.7511038088848518,323.46,2.0148199999999994,33.54,1.0,2.0,7.0,24.0,2.0,0.3809523809523809,O=C(NC1C[NH+](CCCCc2ccccc2)C1)c1ccccc1,0,True,2.7865833056622584,-2.042889496777406
COC(=O)[C@@H]1CCCN(C(=O)c2cc(Cl)ccc2Cl)C1,,0.7880641581812136,3.018600000000002,2.3218071180590485,0.0,O=C(c1ccccc1)N1CCCCC1,2.3218071180590485,COC(=O)[C@@H]1CCCN(C(=O)c2cc(Cl)ccc2Cl)C1,0.7880641581812136,316.1840000000001,3.018600000000002,46.61,3.0,0.0,2.0,20.0,1.0,0.4285714285714285,O=C(c1ccccc1)N1CCCCC1,0,True,2.3218071180590485,-2.0430429598778357
CCc1ncccc1C(=O)NC[C@@H](C)CNC(=O)c1ccc(C)cn1,,0.8087211245506777,2.14332,2.783843318085012,0.0,O=C(NCCCNC(=O)c1ccccn1)c1cccnc1,2.783843318085012,CCc1ncccc1C(=O)NC[C@@H](C)CNC(=O)c1ccc(C)cn1,0.8087211245506777,340.427,2.14332,83.98,4.0,2.0,7.0,25.0,2.0,0.3684210526315789,O=C(NCCCNC(=O)c1ccccn1)c1cccnc1,0,True,2.783843318085012,-2.0467821935343347
CCn1ccc(NC(=O)c2ccoc2C2CC2)n1,,0.9002746595376742,2.625700000000001,2.640836240471552,0.0,O=C(Nc1cc[nH]n1)c1ccoc1C1CC1,2.640836240471552,CCn1ccc(NC(=O)c2ccoc2C2CC2)n1,0.9002746595376742,245.282,2.625700000000001,60.06,4.0,1.0,4.0,18.0,2.0,0.3846153846153846,O=C(Nc1cc[nH]n1)c1ccoc1C1CC1,0,True,2.640836240471552,-2.0534115809338784
CCCOc1cc(CNC(=O)c2ccc(Cl)cc2O)ccc1F,,0.8400128232498606,3.903500000000002,1.9464864075892176,0.0,O=C(NCc1ccccc1)c1ccccc1,1.9464864075892176,CCCOc1cc(CNC(=O)c2ccc(Cl)cc2O)ccc1F,0.8400128232498606,337.778,3.903500000000002,58.56,3.0,2.0,6.0,23.0,2.0,0.2352941176470588,O=C(NCc1ccccc1)c1ccccc1,0,True,1.9464864075892176,-2.058223584339358
Cc1ncccc1C(=O)N1CCO[C@@H](c2ccc(F)cc2)C1,,0.856206834473594,2.742820000000001,2.545648406128093,0.0,O=C(c1cccnc1)N1CCO[C@@H](c2ccccc2)C1,2.545648406128093,Cc1ncccc1C(=O)N1CCO[C@@H](c2ccc(F)cc2)C1,0.856206834473594,300.333,2.742820000000001,42.43000000000001,3.0,0.0,2.0,22.0,2.0,0.2941176470588235,O=C(c1cccnc1)N1CCO[C@@H](c2ccccc2)C1,0,True,2.545648406128093,-2.0608515716544993
CCOC(=O)[C@H]1CCN(C(=O)c2cccc(-c3ccccc3)c2)C1,,0.8104719029209698,3.378800000000002,2.187658282936134,0.0,O=C(c1cccc(-c2ccccc2)c1)N1CCCC1,2.187658282936134,CCOC(=O)[C@H]1CCN(C(=O)c2cccc(-c3ccccc3)c2)C1,0.8104719029209698,323.39200000000005,3.378800000000002,46.61,3.0,0.0,4.0,24.0,2.0,0.3,O=C(c1cccc(-c2ccccc2)c1)N1CCCC1,0,True,2.187658282936134,-2.066586380015165
CCCC[C@@H]1CCN(C(=O)c2ccc(C(=O)[O-])cc2)C1,,0.8207836306580915,1.7024,2.7429339762009057,0.0,O=C(c1ccccc1)N1CCCC1,2.7429339762009057,CCCC[C@@H]1CCN(C(=O)c2ccc(C(=O)[O-])cc2)C1,0.8207836306580915,274.34000000000003,1.7024,60.44,3.0,0.0,5.0,20.0,1.0,0.5,O=C(c1ccccc1)N1CCCC1,0,True,2.7429339762009057,-2.070950345542814
CC(C)(NC(=O)N1CCCCC1)C(=O)N1CCOCC1,,0.8159026065999595,0.8193000000000006,2.2969300811057227,0.0,O=C(CNC(=O)N1CCCCC1)N1CCOCC1,2.2969300811057227,CC(C)(NC(=O)N1CCCCC1)C(=O)N1CCOCC1,0.8159026065999595,283.372,0.8193000000000006,61.88000000000001,3.0,1.0,2.0,20.0,0.0,0.8571428571428571,O=C(CNC(=O)N1CCCCC1)N1CCOCC1,0,True,2.2969300811057227,-2.0713774745057627
Cc1cccc(NC(=O)CNC(=O)N[C@@H]2CCN(c3ccccc3)C2)c1C,,0.7618102282823723,2.820040000000001,2.4238394223677684,0.0,O=C(CNC(=O)N[C@@H]1CCN(c2ccccc2)C1)Nc1ccccc1,2.4238394223677684,Cc1cccc(NC(=O)CNC(=O)N[C@@H]2CCN(c3ccccc3)C2)c1C,0.7618102282823723,366.46500000000015,2.820040000000001,73.47,3.0,3.0,5.0,27.0,2.0,0.3333333333333333,O=C(CNC(=O)N[C@@H]1CCN(c2ccccc2)C1)Nc1ccccc1,0,True,2.4238394223677684,-2.0720491940853965
Cc1cc(C(=O)NC[C@@H](C)CNC(=O)Cc2ccccc2)nn1C,,0.80765050147725,1.4533199999999993,2.6114575741057013,0.0,O=C(Cc1ccccc1)NCCCNC(=O)c1cc[nH]n1,2.6114575741057013,Cc1cc(C(=O)NC[C@@H](C)CNC(=O)Cc2ccccc2)nn1C,0.80765050147725,328.416,1.4533199999999993,76.02000000000001,4.0,2.0,7.0,24.0,2.0,0.3888888888888889,O=C(Cc1ccccc1)NCCCNC(=O)c1cc[nH]n1,0,True,2.6114575741057013,-2.0771470726284518
CCc1ccc(C(=O)NC[C@@H](C)NC(=O)N2CCN(c3ccccc3)CC2)cc1,,0.791855802273624,2.8991000000000007,2.423129623580529,0.0,O=C(NCCNC(=O)N1CCN(c2ccccc2)CC1)c1ccccc1,2.423129623580529,CCc1ccc(C(=O)NC[C@@H](C)NC(=O)N2CCN(c3ccccc3)CC2)cc1,0.791855802273624,394.5190000000001,2.8991000000000007,64.68,3.0,2.0,6.0,29.0,2.0,0.391304347826087,O=C(NCCNC(=O)N1CCN(c2ccccc2)CC1)c1ccccc1,0,True,2.423129623580529,-2.0808238213069052
Cc1ccc(C(=O)N2CCC(n3cccn3)CC2)c(C)c1C,,0.852871820809954,3.285660000000002,2.29120598745971,0.0,O=C(c1ccccc1)N1CCC(n2cccn2)CC1,2.29120598745971,Cc1ccc(C(=O)N2CCC(n3cccn3)CC2)c(C)c1C,0.852871820809954,297.40200000000004,3.285660000000002,38.13,3.0,0.0,2.0,22.0,2.0,0.4444444444444444,O=C(c1ccccc1)N1CCC(n2cccn2)CC1,0,True,2.29120598745971,-2.081164166649757
Cc1ccc(C(=O)N2CC[C@H](Cc3ccccc3)C2)cc1,,0.8386314735699818,3.6998200000000026,2.072639503457456,0.0,O=C(c1ccccc1)N1CC[C@H](Cc2ccccc2)C1,2.072639503457456,Cc1ccc(C(=O)N2CC[C@H](Cc3ccccc3)C2)cc1,0.8386314735699818,279.383,3.6998200000000026,20.31,1.0,0.0,3.0,21.0,2.0,0.3157894736842105,O=C(c1ccccc1)N1CC[C@H](Cc2ccccc2)C1,0,True,2.072639503457456,-2.0839180298874753
COC(=O)c1ccc(NC(=O)C(=O)N2CCN(C)C(Cc3ccccc3)C2)cc1,,0.630889778659729,1.7969999999999997,2.613311144410565,0.0,O=C(Nc1ccccc1)C(=O)N1CCNC(Cc2ccccc2)C1,2.613311144410565,COC(=O)c1ccc(NC(=O)C(=O)N2CCN(C)C(Cc3ccccc3)C2)cc1,0.630889778659729,395.4590000000001,1.7969999999999997,78.94999999999999,5.0,1.0,4.0,29.0,2.0,0.3181818181818182,O=C(Nc1ccccc1)C(=O)N1CCNC(Cc2ccccc2)C1,0,True,2.613311144410565,-2.083921365750836
Cc1ccc(C(=O)NC[C@@H](C)CNC(=O)c2ncccc2C)cc1C,,0.849993425730945,2.802760000000001,2.546846614788308,0.0,O=C(NCCCNC(=O)c1ccccn1)c1ccccc1,2.546846614788308,Cc1ccc(C(=O)NC[C@@H](C)CNC(=O)c2ncccc2C)cc1C,0.849993425730945,339.43900000000014,2.802760000000001,71.09,3.0,2.0,6.0,25.0,2.0,0.35,O=C(NCCCNC(=O)c1ccccn1)c1ccccc1,0,True,2.546846614788308,-2.0982331890573636
CCCn1ccc(C(=O)NC[C@H](C)Cc2ccccc2)n1,,0.8499780414101687,2.9017000000000017,2.505170537505375,0.0,O=C(NCCCc1ccccc1)c1cc[nH]n1,2.505170537505375,CCCn1ccc(C(=O)NC[C@H](C)Cc2ccccc2)n1,0.8499780414101687,285.391,2.9017000000000017,46.92,3.0,1.0,7.0,21.0,2.0,0.4117647058823529,O=C(NCCCc1ccccc1)c1cc[nH]n1,0,True,2.505170537505375,-2.106042496095207
Cc1ccc(NC(=O)Nc2cccc3ccccc23)cn1,,0.7376779429601349,4.187220000000003,1.752978803282108,0.0,O=C(Nc1cccnc1)Nc1cccc2ccccc12,1.752978803282108,Cc1ccc(NC(=O)Nc2cccc3ccccc23)cn1,0.7376779429601349,277.32700000000006,4.187220000000003,54.02,2.0,2.0,2.0,21.0,3.0,0.0588235294117647,O=C(Nc1cccnc1)Nc1cccc2ccccc12,0,True,1.752978803282108,-2.1089108603219744
Cc1ccccc1C(=O)N1CCC[C@@H]1CNC(=O)OC(C)(C)C,,0.9312830227008462,3.1243200000000018,2.480979107629457,0.0,O=C(c1ccccc1)N1CCCC1,2.480979107629457,Cc1ccccc1C(=O)N1CCC[C@@H]1CNC(=O)OC(C)(C)C,0.9312830227008462,318.41700000000003,3.1243200000000018,58.64,3.0,1.0,3.0,23.0,1.0,0.5555555555555556,O=C(c1ccccc1)N1CCCC1,0,True,2.480979107629457,-2.1118560849286117
CCc1cccc(C(=O)Nc2ccc3ccccc3c2)c1,,0.740029370965512,4.654500000000003,1.525577290041248,0.0,O=C(Nc1ccc2ccccc2c1)c1ccccc1,1.525577290041248,CCc1cccc(C(=O)Nc2ccc3ccccc3c2)c1,0.740029370965512,275.351,4.654500000000003,29.1,1.0,1.0,3.0,21.0,3.0,0.1052631578947368,O=C(Nc1ccc2ccccc2c1)c1ccccc1,0,True,1.525577290041248,-2.1127979190757378
Cc1ccc(CCNC(=O)[C@H](C)c2ccc(C)cc2)cc1,,0.8878755177150583,3.7658400000000025,2.120507838678778,0.0,O=C(Cc1ccccc1)NCCc1ccccc1,2.120507838678778,Cc1ccc(CCNC(=O)[C@H](C)c2ccc(C)cc2)cc1,0.8878755177150583,281.399,3.7658400000000025,29.1,1.0,1.0,5.0,21.0,2.0,0.3157894736842105,O=C(Cc1ccccc1)NCCc1ccccc1,0,True,2.120507838678778,-2.1155523209637206
Cc1cc(C(=O)N2CC(CNC(=O)c3[nH]ccc3C)C2)co1,,0.9023800668833432,1.72654,2.8823745551691022,0.0,O=C(NCC1CN(C(=O)c2ccoc2)C1)c1ccc[nH]1,2.8823745551691022,Cc1cc(C(=O)N2CC(CNC(=O)c3[nH]ccc3C)C2)co1,0.9023800668833432,301.34600000000006,1.72654,78.34,3.0,2.0,4.0,22.0,2.0,0.375,O=C(NCC1CN(C(=O)c2ccoc2)C1)c1ccc[nH]1,0,True,2.8823745551691022,-2.116724488285759
CCCN(CC(=O)N1CCC2(CC1)OCCO2)C(=O)Cc1ccccc1,,0.776638685847633,1.8332,2.810617483459941,0.0,O=C(Cc1ccccc1)NCC(=O)N1CCC2(CC1)OCCO2,2.810617483459941,CCCN(CC(=O)N1CCC2(CC1)OCCO2)C(=O)Cc1ccccc1,0.776638685847633,360.454,1.8332,59.080000000000005,4.0,0.0,6.0,26.0,1.0,0.6,O=C(Cc1ccccc1)NCC(=O)N1CCC2(CC1)OCCO2,0,True,2.810617483459941,-2.117378797612308
COc1ccc(-c2nc(CNC(=O)c3cccs3)cs2)cc1,,0.7737569181595034,3.810200000000002,1.9863760014175256,0.0,O=C(NCc1csc(-c2ccccc2)n1)c1cccs1,1.9863760014175256,COc1ccc(-c2nc(CNC(=O)c3cccs3)cs2)cc1,0.7737569181595034,330.434,3.810200000000002,51.22,5.0,1.0,5.0,22.0,3.0,0.125,O=C(NCc1csc(-c2ccccc2)n1)c1cccs1,0,True,1.9863760014175256,-2.117719083258023
Cc1ccc(C(=O)N2CCOC[C@H]2c2ccc(F)cc2)cn1,,0.856206834473594,2.742820000000001,2.6025473072269936,0.0,O=C(c1cccnc1)N1CCOC[C@H]1c1ccccc1,2.6025473072269936,Cc1ccc(C(=O)N2CCOC[C@H]2c2ccc(F)cc2)cn1,0.856206834473594,300.333,2.742820000000001,42.43000000000001,3.0,0.0,2.0,22.0,2.0,0.2941176470588235,O=C(c1cccnc1)N1CCOC[C@H]1c1ccccc1,0,True,2.6025473072269936,-2.1177504727534
CCC(=O)N1CCCC[C@H]1NC(=O)c1cccc(Cl)c1,,0.9317413530599794,2.8184000000000005,2.64053425092618,0.0,O=C(N[C@@H]1CCCCN1)c1ccccc1,2.64053425092618,CCC(=O)N1CCCC[C@H]1NC(=O)c1cccc(Cl)c1,0.9317413530599794,294.78200000000004,2.8184000000000005,49.41,2.0,1.0,3.0,20.0,1.0,0.4666666666666667,O=C(N[C@@H]1CCCCN1)c1ccccc1,0,True,2.64053425092618,-2.117992897866201
CC(C)(C)OCc1ccc(NC(=O)c2cscn2)cc1,,0.9335226042748338,3.7105000000000015,2.2007388723145134,0.0,O=C(Nc1ccccc1)c1cscn1,2.2007388723145134,CC(C)(C)OCc1ccc(NC(=O)c2cscn2)cc1,0.9335226042748338,290.388,3.7105000000000015,51.22,4.0,1.0,4.0,20.0,2.0,0.3333333333333333,O=C(Nc1ccccc1)c1cscn1,0,True,2.2007388723145134,-2.1224662680396804
COc1ccc(CC(=O)Nc2ccc(C(=O)OCc3ccccc3)cc2)cc1,,0.6277390534112581,4.233400000000003,1.634178484833603,0.0,O=C(Cc1ccccc1)Nc1ccc(C(=O)OCc2ccccc2)cc1,1.634178484833603,COc1ccc(CC(=O)Nc2ccc(C(=O)OCc3ccccc3)cc2)cc1,0.6277390534112581,375.424,4.233400000000003,64.63,4.0,1.0,7.0,28.0,3.0,0.1304347826086956,O=C(Cc1ccccc1)Nc1ccc(C(=O)OCc2ccccc2)cc1,0,True,1.634178484833603,-2.1231394314223464
Cc1ccc(C(=O)N2CCO[C@H](c3ccccc3)C2)c(C)n1,,0.8554882032209493,2.9121400000000017,2.524703351183037,0.0,O=C(c1cccnc1)N1CCO[C@H](c2ccccc2)C1,2.524703351183037,Cc1ccc(C(=O)N2CCO[C@H](c3ccccc3)C2)c(C)n1,0.8554882032209493,296.37000000000006,2.9121400000000017,42.43000000000001,3.0,0.0,2.0,22.0,2.0,0.3333333333333333,O=C(c1cccnc1)N1CCO[C@H](c2ccccc2)C1,0,True,2.524703351183037,-2.1252851479620887
CCOc1cccc(CNC(=O)C(=O)N2CCC(CCc3ccccc3)CC2)c1,,0.7305941220517866,3.5729000000000024,2.071078108334412,0.0,O=C(NCc1ccccc1)C(=O)N1CCC(CCc2ccccc2)CC1,2.071078108334412,CCOc1cccc(CNC(=O)C(=O)N2CCC(CCc3ccccc3)CC2)c1,0.7305941220517866,394.51500000000016,3.5729000000000024,58.64,3.0,1.0,7.0,29.0,2.0,0.4166666666666667,O=C(NCc1ccccc1)C(=O)N1CCC(CCc2ccccc2)CC1,0,True,2.071078108334412,-2.1269339862826264
Cc1ccc(C(=O)NCC2CCN(C(=O)C3=CCOCC3)C2)cc1C,,0.912770705245045,2.228439999999999,2.9261025194470296,0.0,O=C(NCC1CCN(C(=O)C2=CCOCC2)C1)c1ccccc1,2.9261025194470296,Cc1ccc(C(=O)NCC2CCN(C(=O)C3=CCOCC3)C2)cc1C,0.912770705245045,342.4390000000002,2.228439999999999,58.64,3.0,1.0,4.0,25.0,1.0,0.5,O=C(NCC1CCN(C(=O)C2=CCOCC2)C1)c1ccccc1,0,True,2.9261025194470296,-2.127551814201984
Cc1ccc2cc(C(=O)N[C@H](C)CNC(=O)c3ccnn3C)oc2c1,,0.7435523816807583,2.02302,2.862313427975121,0.0,O=C(NCCNC(=O)c1cc2ccccc2o1)c1ccn[nH]1,2.862313427975121,Cc1ccc2cc(C(=O)N[C@H](C)CNC(=O)c3ccnn3C)oc2c1,0.7435523816807583,340.3830000000001,2.02302,89.16000000000001,5.0,2.0,5.0,25.0,3.0,0.2777777777777778,O=C(NCCNC(=O)c1cc2ccccc2o1)c1ccn[nH]1,0,True,2.862313427975121,-2.1302710462943626
CCc1ccccc1C(=O)NCC1(c2ccccc2)CCC1,,0.8831837215159607,4.100700000000003,1.9639848956482968,0.0,O=C(NCC1(c2ccccc2)CCC1)c1ccccc1,1.9639848956482968,CCc1ccccc1C(=O)NCC1(c2ccccc2)CCC1,0.8831837215159607,293.4100000000001,4.100700000000003,29.1,1.0,1.0,5.0,22.0,2.0,0.35,O=C(NCC1(c2ccccc2)CCC1)c1ccccc1,0,True,1.9639848956482968,-2.131151174132338
CCc1ccccc1NC(=O)Cc1cccc(N2CCCCC2)c1,,0.8835048777875906,4.420500000000003,1.807623133660348,0.0,O=C(Cc1cccc(N2CCCCC2)c1)Nc1ccccc1,1.807623133660348,CCc1ccccc1NC(=O)Cc1cccc(N2CCCCC2)c1,0.8835048777875906,322.4520000000001,4.420500000000003,32.34,2.0,1.0,5.0,24.0,2.0,0.3809523809523809,O=C(Cc1cccc(N2CCCCC2)c1)Nc1ccccc1,0,True,1.807623133660348,-2.1343682558727592
CC(C)c1nc(C(=O)N2CCC(n3cccn3)CC2)cs1,,0.8757704083637883,2.940300000000001,2.541705928124477,0.0,O=C(c1cscn1)N1CCC(n2cccn2)CC1,2.541705928124477,CC(C)c1nc(C(=O)N2CCC(n3cccn3)CC2)cs1,0.8757704083637883,304.41900000000004,2.940300000000001,51.02,5.0,0.0,3.0,21.0,2.0,0.5333333333333333,O=C(c1cscn1)N1CCC(n2cccn2)CC1,0,True,2.541705928124477,-2.136085519760689
C[C@H](NC(=O)N1CCN(c2ccc(F)cc2)CC1)c1ccc(F)cc1,,0.9232601690346112,3.5576000000000025,2.2807098867276387,0.0,O=C(NCc1ccccc1)N1CCN(c2ccccc2)CC1,2.2807098867276387,C[C@H](NC(=O)N1CCN(c2ccc(F)cc2)CC1)c1ccc(F)cc1,0.9232601690346112,345.39300000000003,3.5576000000000025,35.580000000000005,2.0,1.0,3.0,25.0,2.0,0.3157894736842105,O=C(NCc1ccccc1)N1CCN(c2ccccc2)CC1,0,True,2.2807098867276387,-2.136249717693029
CCc1ccc(C(=O)N[C@@H](C)CNC(=O)c2ccc(C3CC3)nn2)cc1,,0.8016636638232151,2.464700000000001,2.710913593048984,0.0,O=C(NCCNC(=O)c1ccc(C2CC2)nn1)c1ccccc1,2.710913593048984,CCc1ccc(C(=O)N[C@@H](C)CNC(=O)c2ccc(C3CC3)nn2)cc1,0.8016636638232151,352.4380000000001,2.464700000000001,83.98,4.0,2.0,7.0,26.0,2.0,0.4,O=C(NCCNC(=O)c1ccc(C2CC2)nn1)c1ccccc1,0,True,2.710913593048984,-2.1415999292257695
Cc1ccc(C(=O)NC2CCC(NC(=O)[C@H](O)C(C)(C)C)CC2)o1,,0.785499122034013,2.15222,2.8520149281638147,0.0,O=C(NC1CCCCC1)c1ccco1,2.8520149281638147,Cc1ccc(C(=O)NC2CCC(NC(=O)[C@H](O)C(C)(C)C)CC2)o1,0.785499122034013,336.4320000000002,2.15222,91.57,4.0,3.0,4.0,24.0,1.0,0.6666666666666666,O=C(NC1CCCCC1)c1ccco1,0,True,2.8520149281638147,-2.142625806129802
Cc1ccc(C(=O)N[C@@H](C)CNC(=O)C[C@H]2CCOC2)cc1,,0.8396407159624653,1.6561199999999996,2.8155825634735354,0.0,O=C(C[C@H]1CCOC1)NCCNC(=O)c1ccccc1,2.8155825634735354,Cc1ccc(C(=O)N[C@@H](C)CNC(=O)C[C@H]2CCOC2)cc1,0.8396407159624653,304.39000000000004,1.6561199999999996,67.43,3.0,2.0,6.0,22.0,1.0,0.5294117647058824,O=C(C[C@H]1CCOC1)NCCNC(=O)c1ccccc1,0,True,2.8155825634735354,-2.14788184751107
Cc1ccc(Cl)c(C(=O)NC(C)Cc2ccccc2)c1,,0.9043411852088848,4.009420000000002,2.0484380970800267,0.0,O=C(NCCc1ccccc1)c1ccccc1,2.0484380970800267,Cc1ccc(Cl)c(C(=O)NC(C)Cc2ccccc2)c1,0.9043411852088848,287.79,4.009420000000002,29.1,1.0,1.0,4.0,20.0,2.0,0.2352941176470588,O=C(NCCc1ccccc1)c1ccccc1,0,True,2.0484380970800267,-2.148806911871143
Cc1ccccc1C(=O)NCc1ncc(-c2ccccc2)s1,,0.789831863631725,4.048520000000003,1.9175973956482952,0.0,O=C(NCc1ncc(-c2ccccc2)s1)c1ccccc1,1.9175973956482952,Cc1ccccc1C(=O)NCc1ncc(-c2ccccc2)s1,0.789831863631725,308.406,4.048520000000003,41.99,3.0,1.0,4.0,22.0,3.0,0.1111111111111111,O=C(NCc1ncc(-c2ccccc2)s1)c1ccccc1,0,True,1.9175973956482952,-2.1520255320165713
Cc1ccccc1C(=O)NC1(c2ccccc2)CCCC1,,0.8962683494050527,4.194320000000003,1.9544562307726487,0.0,O=C(NC1(c2ccccc2)CCCC1)c1ccccc1,1.9544562307726487,Cc1ccccc1C(=O)NC1(c2ccccc2)CCCC1,0.8962683494050527,279.38300000000004,4.194320000000003,29.1,1.0,1.0,3.0,21.0,2.0,0.3157894736842105,O=C(NC1(c2ccccc2)CCCC1)c1ccccc1,0,True,1.9544562307726487,-2.1553478813675975
CCc1ccc(C(=O)N2CCC[C@H]2CNC(=O)c2ncoc2C)cn1,,0.8973792353468792,1.97502,3.041345423022329,0.0,O=C(NC[C@@H]1CCCN1C(=O)c1cccnc1)c1cocn1,3.041345423022329,CCc1ccc(C(=O)N2CCC[C@H]2CNC(=O)c2ncoc2C)cn1,0.8973792353468792,342.399,1.97502,88.33,5.0,1.0,5.0,25.0,2.0,0.4444444444444444,O=C(NC[C@@H]1CCCN1C(=O)c1cccnc1)c1cocn1,0,True,3.041345423022329,-2.1564561876754498
Cc1ccccc1[C@H](O)CNC(=O)c1ccc(Cl)s1,,0.9100238858958546,3.1733200000000013,2.48233488817392,0.0,O=C(NCCc1ccccc1)c1cccs1,2.48233488817392,Cc1ccccc1[C@H](O)CNC(=O)c1ccc(Cl)s1,0.9100238858958546,295.791,3.1733200000000013,49.33,3.0,2.0,4.0,19.0,2.0,0.2142857142857142,O=C(NCCc1ccccc1)c1cccs1,0,True,2.48233488817392,-2.158971002278066
Cc1[nH]ccc1C(=O)N1CCC[C@@H]1CNC(=O)c1ccccn1,,0.9026417468005918,1.75272,2.940397389347737,0.0,O=C(NC[C@H]1CCCN1C(=O)c1cc[nH]c1)c1ccccn1,2.940397389347737,Cc1[nH]ccc1C(=O)N1CCC[C@@H]1CNC(=O)c1ccccn1,0.9026417468005918,312.373,1.75272,78.09,3.0,2.0,4.0,23.0,2.0,0.3529411764705882,O=C(NC[C@H]1CCCN1C(=O)c1cc[nH]c1)c1ccccn1,0,True,2.940397389347737,-2.161395642547145
O=C(NC1CC[NH+](Cc2ccccc2)CC1)c1ccc(F)cc1,,0.886624689362164,1.803,2.9559457431230864,0.0,O=C(NC1CC[NH+](Cc2ccccc2)CC1)c1ccccc1,2.9559457431230864,O=C(NC1CC[NH+](Cc2ccccc2)CC1)c1ccc(F)cc1,0.886624689362164,313.396,1.803,33.54,1.0,2.0,4.0,23.0,2.0,0.3157894736842105,O=C(NC1CC[NH+](Cc2ccccc2)CC1)c1ccccc1,0,True,2.9559457431230864,-2.1678210537609224
Cc1cccc(C(=O)N2CC[C@](C)(NC(=O)CCc3ccccn3)C2)n1,,0.8945015536789068,2.1386200000000004,2.993055429405887,0.0,O=C(CCc1ccccn1)NC1CCN(C(=O)c2ccccn2)C1,2.993055429405887,Cc1cccc(C(=O)N2CC[C@](C)(NC(=O)CCc3ccccn3)C2)n1,0.8945015536789068,352.43800000000005,2.1386200000000004,75.19,4.0,1.0,5.0,26.0,2.0,0.4,O=C(CCc1ccccn1)NC1CCN(C(=O)c2ccccn2)C1,0,True,2.993055429405887,-2.1678638757269804
Cc1ccccc1C(=O)NC[C@@H](C)CNC(=O)OCc1ccccc1,,0.8126233683641122,3.287320000000002,2.3379101034123604,0.0,O=C(NCCCNC(=O)c1ccccc1)OCc1ccccc1,2.3379101034123604,Cc1ccccc1C(=O)NC[C@@H](C)CNC(=O)OCc1ccccc1,0.8126233683641122,340.42300000000006,3.287320000000002,67.43,3.0,2.0,7.0,25.0,2.0,0.3,O=C(NCCCNC(=O)c1ccccc1)OCc1ccccc1,0,True,2.3379101034123604,-2.168946735048249
Cc1ccc(CNC(=O)C(=O)N[C@H]2CCCN(c3ccc(F)cc3)C2)s1,,0.8078311237518206,2.59702,2.679368942919403,0.0,O=C(NCc1cccs1)C(=O)N[C@H]1CCCN(c2ccccc2)C1,2.679368942919403,Cc1ccc(CNC(=O)C(=O)N[C@H]2CCCN(c3ccc(F)cc3)C2)s1,0.8078311237518206,375.4690000000001,2.59702,61.440000000000005,4.0,2.0,4.0,26.0,2.0,0.3684210526315789,O=C(NCc1cccs1)C(=O)N[C@H]1CCCN(c2ccccc2)C1,0,True,2.679368942919403,-2.170047819167583
COc1cccc(CCNC(=O)[C@@H]2C[C@H]2c2ccccc2)c1,,0.8887492276974559,3.1576000000000013,2.486017931029366,0.0,O=C(NCCc1ccccc1)[C@@H]1C[C@H]1c1ccccc1,2.486017931029366,COc1cccc(CCNC(=O)[C@@H]2C[C@H]2c2ccccc2)c1,0.8887492276974559,295.382,3.1576000000000013,38.33,2.0,1.0,6.0,22.0,2.0,0.3157894736842105,O=C(NCCc1ccccc1)[C@@H]1C[C@H]1c1ccccc1,0,True,2.486017931029366,-2.176068703331911
Cc1ccc(C(=O)NCC2C[NH+](Cc3ccccc3)C2)cc1,,0.8597109967427633,1.4397199999999997,2.7602398407032407,0.0,O=C(NCC1C[NH+](Cc2ccccc2)C1)c1ccccc1,2.7602398407032407,Cc1ccc(C(=O)NCC2C[NH+](Cc3ccccc3)C2)cc1,0.8597109967427633,295.40600000000006,1.4397199999999997,33.54,1.0,2.0,5.0,22.0,2.0,0.3157894736842105,O=C(NCC1C[NH+](Cc2ccccc2)C1)c1ccccc1,0,True,2.7602398407032407,-2.1806688439604778
CCOc1ccc(C(=O)NC[C@H](C)NC(=O)C2CCCCCC2)cn1,,0.743287529674048,2.6852,2.590395693878234,0.0,O=C(NCCNC(=O)C1CCCCCC1)c1cccnc1,2.590395693878234,CCOc1ccc(C(=O)NC[C@H](C)NC(=O)C2CCCCCC2)cn1,0.743287529674048,347.4590000000002,2.6852,80.32000000000001,4.0,2.0,7.0,25.0,1.0,0.631578947368421,O=C(NCCNC(=O)C1CCCCCC1)c1cccnc1,0,True,2.590395693878234,-2.189708164204186
Cc1ccc(-c2ccccc2C(=O)NCc2ccc(F)cc2)cc1,,0.7397634111376914,4.731120000000003,1.5700180882709542,0.0,O=C(NCc1ccccc1)c1ccccc1-c1ccccc1,1.5700180882709542,Cc1ccc(-c2ccccc2C(=O)NCc2ccc(F)cc2)cc1,0.7397634111376914,319.379,4.731120000000003,29.1,1.0,1.0,4.0,24.0,3.0,0.0952380952380952,O=C(NCc1ccccc1)c1ccccc1-c1ccccc1,0,True,1.5700180882709542,-2.1958146771332645
Cc1ccc(C(=O)NCC2CC[NH+](Cc3ccccc3)CC2)cc1,,0.8690630026150172,2.21992,2.95621104574826,0.0,O=C(NCC1CC[NH+](Cc2ccccc2)CC1)c1ccccc1,2.95621104574826,Cc1ccc(C(=O)NCC2CC[NH+](Cc3ccccc3)CC2)cc1,0.8690630026150172,323.4600000000001,2.21992,33.54,1.0,2.0,5.0,24.0,2.0,0.3809523809523809,O=C(NCC1CC[NH+](Cc2ccccc2)CC1)c1ccccc1,0,True,2.95621104574826,-2.197108043133243
Cc1ccc(CC[NH+]2CC(NC(=O)c3cccc(C(F)(F)F)c3)C2)cc1,,0.8395306895547376,2.253420000000001,2.910521797155967,0.0,O=C(NC1C[NH+](CCc2ccccc2)C1)c1ccccc1,2.910521797155967,Cc1ccc(CC[NH+]2CC(NC(=O)c3cccc(C(F)(F)F)c3)C2)cc1,0.8395306895547376,363.4030000000001,2.253420000000001,33.54,1.0,2.0,5.0,26.0,2.0,0.35,O=C(NC1C[NH+](CCc2ccccc2)C1)c1ccccc1,0,True,2.910521797155967,-2.19770110760123
CCc1cncc(C(=O)NC[C@@H](CC)NC(=O)Cc2ccc(C)cn2)c1,,0.7612144165484073,2.21472,2.8522107479488774,0.0,O=C(Cc1ccccn1)NCCNC(=O)c1cccnc1,2.8522107479488774,CCc1cncc(C(=O)NC[C@@H](CC)NC(=O)Cc2ccc(C)cn2)c1,0.7612144165484073,354.454,2.21472,83.98,4.0,2.0,8.0,26.0,2.0,0.4,O=C(Cc1ccccn1)NCCNC(=O)c1cccnc1,0,True,2.8522107479488774,-2.19835633140047
CCc1cc(C(=O)NCCCC(=O)Nc2ccccc2)nn1C1CCOCC1,,0.6854617084284725,2.9457000000000013,2.411622929278048,0.0,O=C(CCCNC(=O)c1ccn(C2CCOCC2)n1)Nc1ccccc1,2.411622929278048,CCc1cc(C(=O)NCCCC(=O)Nc2ccccc2)nn1C1CCOCC1,0.6854617084284725,384.4800000000002,2.9457000000000013,85.25000000000001,5.0,2.0,8.0,28.0,2.0,0.4761904761904761,O=C(CCCNC(=O)c1ccn(C2CCOCC2)n1)Nc1ccccc1,0,True,2.411622929278048,-2.1990112208495765
CC(C)(C)OC(=O)N1CCC[C@H](CNC(=O)CCc2ccccc2)C1,,0.8890063424276753,3.382500000000002,2.3974446367663305,0.0,O=C(CCc1ccccc1)NC[C@H]1CCCNC1,2.3974446367663305,CC(C)(C)OC(=O)N1CCC[C@H](CNC(=O)CCc2ccccc2)C1,0.8890063424276753,346.471,3.382500000000002,58.64,3.0,1.0,5.0,25.0,1.0,0.6,O=C(CCc1ccccc1)NC[C@H]1CCCNC1,0,True,2.3974446367663305,-2.199688294338656
Cc1ccc(F)cc1C(=O)N1CCO[C@@H](c2ccccc2)C1,,0.850863159627181,3.3478200000000022,2.382811043490732,0.0,O=C(c1ccccc1)N1CCO[C@@H](c2ccccc2)C1,2.382811043490732,Cc1ccc(F)cc1C(=O)N1CCO[C@@H](c2ccccc2)C1,0.850863159627181,299.345,3.3478200000000022,29.540000000000003,2.0,0.0,2.0,22.0,2.0,0.2777777777777778,O=C(c1ccccc1)N1CCO[C@@H](c2ccccc2)C1,0,True,2.382811043490732,-2.205857883863552
Cc1cc(F)ccc1O[C@H](C)CNC=O,,0.7518841520892958,1.6474199999999994,2.7885322497607987,0.0,c1ccccc1,2.7885322497607987,Cc1cc(F)ccc1O[C@H](C)CNC=O,0.7518841520892958,211.236,1.6474199999999994,38.33,2.0,1.0,5.0,15.0,1.0,0.3636363636363636,c1ccccc1,0,True,2.7885322497607987,-2.212938097671503
CCN1C[C@@H](NC(=O)C2CCN(C(=O)OC(C)(C)C)CC2)CC1=O,,0.8421889389338086,1.3704999999999994,2.740581082009969,0.0,O=C1C[C@H](NC(=O)C2CCNCC2)CN1,2.740581082009969,CCN1C[C@@H](NC(=O)C2CCN(C(=O)OC(C)(C)C)CC2)CC1=O,0.8421889389338086,339.4360000000001,1.3704999999999994,78.95000000000002,4.0,1.0,3.0,24.0,0.0,0.8235294117647058,O=C1C[C@H](NC(=O)C2CCNCC2)CN1,0,True,2.740581082009969,-2.213142143076161
CC(C)[C@@H]1CCCCN1C(=O)NCCc1ccccc1,,0.8958192663440299,3.449200000000002,2.387391335946424,0.0,O=C(NCCc1ccccc1)N1CCCCC1,2.387391335946424,CC(C)[C@@H]1CCCCN1C(=O)NCCc1ccccc1,0.8958192663440299,274.408,3.449200000000002,32.34,1.0,1.0,4.0,20.0,1.0,0.5882352941176471,O=C(NCCc1ccccc1)N1CCCCC1,0,True,2.387391335946424,-2.216172069602395
CCc1ccccc1C[NH+]1CC(NC(=O)c2ccc(F)cc2)C1,,0.8633772560880107,1.585199999999999,2.873294092500462,0.0,O=C(NC1C[NH+](Cc2ccccc2)C1)c1ccccc1,2.873294092500462,CCc1ccccc1C[NH+]1CC(NC(=O)c2ccc(F)cc2)C1,0.8633772560880107,313.396,1.585199999999999,33.54,1.0,2.0,5.0,23.0,2.0,0.3157894736842105,O=C(NC1C[NH+](Cc2ccccc2)C1)c1ccccc1,0,True,2.873294092500462,-2.2173168364124516
CCc1ccc(CC(=O)N2CC[NH+](Cc3ccc(F)cc3)CC2)cc1,,0.8821635146555288,1.8579,3.0304031592535656,0.0,O=C(Cc1ccccc1)N1CC[NH+](Cc2ccccc2)CC1,3.0304031592535656,CCc1ccc(CC(=O)N2CC[NH+](Cc3ccc(F)cc3)CC2)cc1,0.8821635146555288,341.45000000000005,1.8579,24.750000000000004,1.0,1.0,5.0,25.0,2.0,0.3809523809523809,O=C(Cc1ccccc1)N1CC[NH+](Cc2ccccc2)CC1,0,True,3.0304031592535656,-2.219289644598037
Cc1ccccc1NC(=O)Nc1ccc2ccccc2c1,,0.6937022578387759,4.792220000000003,1.5236955750349424,0.0,O=C(Nc1ccccc1)Nc1ccc2ccccc2c1,1.5236955750349424,Cc1ccccc1NC(=O)Nc1ccc2ccccc2c1,0.6937022578387759,276.33900000000006,4.792220000000003,41.13,1.0,2.0,2.0,21.0,3.0,0.0555555555555555,O=C(Nc1ccccc1)Nc1ccc2ccccc2c1,0,True,1.5236955750349424,-2.226103317196168
Cc1ccc(C(=O)N2CC[C@H](CNC(=O)OC(C)(C)C)C2)c(C)c1,,0.923829998882292,3.2902400000000016,2.506378715146063,0.0,O=C(c1ccccc1)N1CCCC1,2.506378715146063,Cc1ccc(C(=O)N2CC[C@H](CNC(=O)OC(C)(C)C)C2)c(C)c1,0.923829998882292,332.44400000000013,3.2902400000000016,58.64,3.0,1.0,3.0,24.0,1.0,0.5789473684210527,O=C(c1ccccc1)N1CCCC1,0,True,2.506378715146063,-2.227668716263772
CC(C)(C)OC(=O)N1CCC(c2noc(-c3ccccc3)n2)CC1,,0.8368110423075432,3.8511000000000015,2.1408735279719195,0.0,c1ccc(-c2nc(C3CCNCC3)no2)cc1,2.1408735279719195,CC(C)(C)OC(=O)N1CCC(c2noc(-c3ccccc3)n2)CC1,0.8368110423075432,329.4000000000001,3.8511000000000015,68.46000000000001,5.0,0.0,2.0,24.0,2.0,0.5,c1ccc(-c2nc(C3CCNCC3)no2)cc1,0,True,2.1408735279719195,-2.229612485664377
Cc1ccccc1NC(=O)NC[C@@H]1CCc2ccccc2O1,,0.9103357258280363,3.510320000000002,2.390054553106115,0.0,O=C(NC[C@@H]1CCc2ccccc2O1)Nc1ccccc1,2.390054553106115,Cc1ccccc1NC(=O)NC[C@@H]1CCc2ccccc2O1,0.9103357258280363,296.37,3.510320000000002,50.36,2.0,2.0,3.0,22.0,2.0,0.2777777777777778,O=C(NC[C@@H]1CCc2ccccc2O1)Nc1ccccc1,0,True,2.390054553106115,-2.2348788272780795
Cc1cccnc1C(=O)NC[C@@H](C)CNC(=O)c1ccc2nc[nH]c2c1,,0.6327769775010088,2.06222,2.840205117555577,0.0,O=C(NCCCNC(=O)c1ccccn1)c1ccc2nc[nH]c2c1,2.840205117555577,Cc1cccnc1C(=O)NC[C@@H](C)CNC(=O)c1ccc2nc[nH]c2c1,0.6327769775010088,351.41,2.06222,99.77,4.0,3.0,6.0,26.0,3.0,0.2631578947368421,O=C(NCCCNC(=O)c1ccccn1)c1ccc2nc[nH]c2c1,0,True,2.840205117555577,-2.238538140054568
CCNC1CCCC(C(=O)OCc2ccccc2)C1,,0.8282473907795809,2.898100000000001,2.6213264850244684,0.0,O=C(OCc1ccccc1)C1CCCCC1,2.6213264850244684,CCNC1CCCC(C(=O)OCc2ccccc2)C1,0.8282473907795809,261.365,2.898100000000001,38.33,3.0,1.0,5.0,19.0,1.0,0.5625,O=C(OCc1ccccc1)C1CCCCC1,0,True,2.6213264850244684,-2.2421290942448877
Cc1ccc(C(=O)N2CC[NH+](CCOc3ccc(F)cc3)CC2)c(C)c1,,0.8863819543323622,1.86224,3.06160287823705,0.0,O=C(c1ccccc1)N1CC[NH+](CCOc2ccccc2)CC1,3.06160287823705,Cc1ccc(C(=O)N2CC[NH+](CCOc3ccc(F)cc3)CC2)c(C)c1,0.8863819543323622,357.4490000000001,1.86224,33.980000000000004,2.0,1.0,5.0,26.0,2.0,0.3809523809523809,O=C(c1ccccc1)N1CC[NH+](CCOc2ccccc2)CC1,0,True,3.06160287823705,-2.244100923904688
CC(C)(C)OC(=O)NC[C@@H]1CCCN1C(=O)OC(C)(C)C,,0.851124589461253,2.9106000000000014,2.640665852190688,0.0,C1CCNC1,2.640665852190688,CC(C)(C)OC(=O)NC[C@@H]1CCCN1C(=O)OC(C)(C)C,0.851124589461253,300.399,2.9106000000000014,67.87,4.0,1.0,2.0,21.0,0.0,0.8666666666666667,C1CCNC1,0,True,2.640665852190688,-2.2448412627294356
Cc1ccc(C(=O)N2CC[C@@H](CNC(=O)Cc3ccc[nH]3)C2)cn1,,0.8747004859162637,1.5391199999999996,2.8894857076852976,0.0,O=C(Cc1ccc[nH]1)NC[C@@H]1CCN(C(=O)c2cccnc2)C1,2.8894857076852976,Cc1ccc(C(=O)N2CC[C@@H](CNC(=O)Cc3ccc[nH]3)C2)cn1,0.8747004859162637,326.40000000000003,1.5391199999999996,78.09,3.0,2.0,5.0,24.0,2.0,0.3888888888888889,O=C(Cc1ccc[nH]1)NC[C@@H]1CCN(C(=O)c2cccnc2)C1,0,True,2.8894857076852976,-2.2452252217690343
Cc1cc(C)cc(C(=O)N2CC[NH+](Cc3ccccc3)CC2)c1,,0.9193481899225056,1.84434,3.086751661085722,0.0,O=C(c1ccccc1)N1CC[NH+](Cc2ccccc2)CC1,3.086751661085722,Cc1cc(C)cc(C(=O)N2CC[NH+](Cc3ccccc3)CC2)c1,0.9193481899225056,309.43300000000005,1.84434,24.750000000000004,1.0,1.0,3.0,23.0,2.0,0.35,O=C(c1ccccc1)N1CC[NH+](Cc2ccccc2)CC1,0,True,3.086751661085722,-2.2452334711632167
Cc1ccc(F)cc1[C@H](C)C(=O)NC[C@H]1CCCO1,,0.9081832087791758,2.532820000000001,2.8880072555746743,0.0,O=C(Cc1ccccc1)NC[C@H]1CCCO1,2.8880072555746743,Cc1ccc(F)cc1[C@H](C)C(=O)NC[C@H]1CCCO1,0.9081832087791758,265.328,2.532820000000001,38.33,2.0,1.0,4.0,19.0,1.0,0.5333333333333333,O=C(Cc1ccccc1)NC[C@H]1CCCO1,0,True,2.8880072555746743,-2.246234046795499
Cc1cccc(C(=O)NCC2CC[NH+](Cc3ccccc3)CC2)c1,,0.8690630026150172,2.21992,3.0069552215724364,0.0,O=C(NCC1CC[NH+](Cc2ccccc2)CC1)c1ccccc1,3.0069552215724364,Cc1cccc(C(=O)NCC2CC[NH+](Cc3ccccc3)CC2)c1,0.8690630026150172,323.4600000000001,2.21992,33.54,1.0,2.0,5.0,24.0,2.0,0.3809523809523809,O=C(NCC1CC[NH+](Cc2ccccc2)CC1)c1ccccc1,0,True,3.0069552215724364,-2.2478522189574193
CCc1ccc(C(=O)NCCC(C)(C)c2ccccc2)o1,,0.8731635333404169,3.939700000000003,2.15399511978028,0.0,O=C(NCCCc1ccccc1)c1ccco1,2.15399511978028,CCc1ccc(C(=O)NCCC(C)(C)c2ccccc2)o1,0.8731635333404169,285.387,3.939700000000003,42.24,2.0,1.0,6.0,21.0,2.0,0.3888888888888889,O=C(NCCCc1ccccc1)c1ccco1,0,True,2.15399511978028,-2.250681586439865
CCc1oncc1C(=O)N1CCC[C@H]1CNC(=O)c1cccnc1,,0.9016926147577567,1.6666,2.9947566106953314,0.0,O=C(NC[C@@H]1CCCN1C(=O)c1cnoc1)c1cccnc1,2.9947566106953314,CCc1oncc1C(=O)N1CCC[C@H]1CNC(=O)c1cccnc1,0.9016926147577567,328.372,1.6666,88.33,5.0,1.0,5.0,24.0,2.0,0.4117647058823529,O=C(NC[C@@H]1CCCN1C(=O)c1cnoc1)c1cccnc1,0,True,2.9947566106953314,-2.2597639959375746
NC(=O)c1ccc(F)cn1,,0.6102463653496161,0.3196,2.0325770589832057,0.0,c1ccncc1,2.0325770589832057,NC(=O)c1ccc(F)cn1,0.6102463653496161,140.11699999999996,0.3196,55.98,2.0,1.0,1.0,10.0,1.0,0.0,c1ccncc1,0,True,2.0325770589832057,-2.2625306936335896
Cc1ccc(CNC(=O)C(=O)NCCO)cc1,,0.6290817374656442,-0.2802799999999996,1.7524142086817989,0.0,c1ccccc1,1.7524142086817989,Cc1ccc(CNC(=O)C(=O)NCCO)cc1,0.6290817374656442,236.271,-0.2802799999999996,78.43,3.0,3.0,4.0,17.0,1.0,0.3333333333333333,c1ccccc1,0,True,1.7524142086817989,-2.2634724712161542
Cc1cccc(C(=O)NC[C@H](C)CNC(=O)CC2(C)CC2)c1,,0.8133112285517158,2.667320000000001,2.7447579665676543,0.0,O=C(CC1CC1)NCCCNC(=O)c1ccccc1,2.7447579665676543,Cc1cccc(C(=O)NC[C@H](C)CNC(=O)CC2(C)CC2)c1,0.8133112285517158,302.41800000000006,2.667320000000001,58.2,2.0,2.0,7.0,22.0,1.0,0.5555555555555556,O=C(CC1CC1)NCCCNC(=O)c1ccccc1,0,True,2.7447579665676543,-2.265106738015939
COC(=O)c1ccc(N2CCN(C(=O)C(=O)Nc3ccc(OCC(C)(C)C)cc3)CC2)cc1,,0.5526713931500005,3.1854000000000013,2.226669975164008,0.0,O=C(Nc1ccccc1)C(=O)N1CCN(c2ccccc2)CC1,2.226669975164008,COC(=O)c1ccc(N2CCN(C(=O)C(=O)Nc3ccc(OCC(C)(C)C)cc3)CC2)cc1,0.5526713931500005,453.5390000000002,3.1854000000000013,88.18,6.0,1.0,5.0,33.0,2.0,0.4,O=C(Nc1ccccc1)C(=O)N1CCN(c2ccccc2)CC1,0,True,2.226669975164008,-2.2666985820140084
CC[C@H]1CCCCN1C(=O)NCCCc1ccccc1,,0.8175971251230398,3.593300000000002,2.288510112995146,0.0,O=C(NCCCc1ccccc1)N1CCCCC1,2.288510112995146,CC[C@H]1CCCCN1C(=O)NCCCc1ccccc1,0.8175971251230398,274.408,3.593300000000002,32.34,1.0,1.0,5.0,20.0,1.0,0.5882352941176471,O=C(NCCCc1ccccc1)N1CCCCC1,0,True,2.288510112995146,-2.2675629878721075
Cc1noc(C[C@@H]2C[C@H]2NC(=O)c2ccc(Cl)cc2)n1,,0.9389890751226686,2.3924200000000004,3.0104342938291886,0.0,O=C(N[C@@H]1C[C@H]1Cc1ncno1)c1ccccc1,3.0104342938291886,Cc1noc(C[C@@H]2C[C@H]2NC(=O)c2ccc(Cl)cc2)n1,0.9389890751226686,291.738,2.3924200000000004,68.02000000000001,4.0,1.0,4.0,20.0,2.0,0.3571428571428571,O=C(N[C@@H]1C[C@H]1Cc1ncno1)c1ccccc1,0,True,3.0104342938291886,-2.2676552187065204
CCc1cccc(N2CC[C@@H](NC(=O)C3CCCCC3)C2)c1,,0.9224161734326848,3.524200000000002,2.428419216567656,0.0,O=C(N[C@@H]1CCN(c2ccccc2)C1)C1CCCCC1,2.428419216567656,CCc1cccc(N2CC[C@@H](NC(=O)C3CCCCC3)C2)c1,0.9224161734326848,300.4460000000001,3.524200000000002,32.34,2.0,1.0,4.0,22.0,1.0,0.631578947368421,O=C(N[C@@H]1CCN(c2ccccc2)C1)C1CCCCC1,0,True,2.428419216567656,-2.2681030431349725
CCOC(=O)c1ccc(NC(=O)N2CCC(c3ccc(F)cc3)CC2)cc1,,0.8110513673019216,4.413900000000004,1.8808650227770816,0.0,O=C(Nc1ccccc1)N1CCC(c2ccccc2)CC1,1.8808650227770816,CCOC(=O)c1ccc(NC(=O)N2CCC(c3ccc(F)cc3)CC2)cc1,0.8110513673019216,370.4240000000001,4.413900000000004,58.64,3.0,1.0,4.0,27.0,2.0,0.3333333333333333,O=C(Nc1ccccc1)N1CCC(c2ccccc2)CC1,0,True,1.8808650227770816,-2.276763655475162
CC(C)(C)OC(=O)N1CCC(C)(n2cccn2)CC1,,0.7839121313404284,2.629200000000001,2.747980600329252,0.0,c1cnn(C2CCNCC2)c1,2.747980600329252,CC(C)(C)OC(=O)N1CCC(C)(n2cccn2)CC1,0.7839121313404284,265.357,2.629200000000001,47.36,4.0,0.0,1.0,19.0,1.0,0.7142857142857143,c1cnn(C2CCNCC2)c1,0,True,2.747980600329252,-2.2786684689888244
Cc1ccc(C(=O)NC2(CNC(=O)c3occc3C)CCC2)[nH]1,,0.790986621385367,2.30704,2.9168767922046044,0.0,O=C(NC1(CNC(=O)c2ccco2)CCC1)c1ccc[nH]1,2.9168767922046044,Cc1ccc(C(=O)NC2(CNC(=O)c3occc3C)CCC2)[nH]1,0.790986621385367,315.3730000000001,2.30704,87.13,3.0,3.0,5.0,23.0,2.0,0.4117647058823529,O=C(NC1(CNC(=O)c2ccco2)CCC1)c1ccc[nH]1,0,True,2.9168767922046044,-2.2794101708192374
Cc1ccccc1-c1ccc(NC(=O)c2ccc(F)cc2)cc1,,0.7202362646498299,5.053420000000003,1.4741131995472596,0.0,O=C(Nc1ccc(-c2ccccc2)cc1)c1ccccc1,1.4741131995472596,Cc1ccccc1-c1ccc(NC(=O)c2ccc(F)cc2)cc1,0.7202362646498299,305.352,5.053420000000003,29.1,1.0,1.0,3.0,23.0,3.0,0.05,O=C(Nc1ccc(-c2ccccc2)cc1)c1ccccc1,0,True,1.4741131995472596,-2.280586934897431
Cc1cccc2ccc(C(=O)N3CCN(c4ccc(F)cc4)CC3)cc12,,0.6911636634468438,4.249720000000004,1.847326720232891,0.0,O=C(c1ccc2ccccc2c1)N1CCN(c2ccccc2)CC1,1.847326720232891,Cc1cccc2ccc(C(=O)N3CCN(c4ccc(F)cc4)CC3)cc12,0.6911636634468438,348.4210000000001,4.249720000000004,23.550000000000004,2.0,0.0,2.0,26.0,3.0,0.2272727272727272,O=C(c1ccc2ccccc2c1)N1CCN(c2ccccc2)CC1,0,True,1.847326720232891,-2.2810230567860494
Cc1cncc(C(=O)NC[C@@H](C)CNC(=O)c2ccc(C)nc2C)n1,,0.8315652357957939,1.5927599999999995,2.909320862279948,0.0,O=C(NCCCNC(=O)c1cnccn1)c1cccnc1,2.909320862279948,Cc1cncc(C(=O)NC[C@@H](C)CNC(=O)c2ccc(C)nc2C)n1,0.8315652357957939,341.4150000000001,1.5927599999999995,96.87,5.0,2.0,6.0,25.0,2.0,0.3888888888888889,O=C(NCCCNC(=O)c1cnccn1)c1cccnc1,0,True,2.909320862279948,-2.2813756264841545
CC[C@@H]1COCCN1C(=O)c1csc(-c2ccccc2)n1,,0.874863170814789,3.061100000000001,2.6339239927386657,0.0,O=C(c1csc(-c2ccccc2)n1)N1CCOCC1,2.6339239927386657,CC[C@@H]1COCCN1C(=O)c1csc(-c2ccccc2)n1,0.874863170814789,302.399,3.061100000000001,42.43,4.0,0.0,3.0,21.0,2.0,0.375,O=C(c1csc(-c2ccccc2)n1)N1CCOCC1,0,True,2.6339239927386657,-2.289610821923877
Cc1cccc(NC(=O)N2CC[C@@H](c3ccccc3)C2)c1,,0.885131396753984,4.016420000000003,2.1670816219946563,0.0,O=C(Nc1ccccc1)N1CC[C@@H](c2ccccc2)C1,2.1670816219946563,Cc1cccc(NC(=O)N2CC[C@@H](c3ccccc3)C2)c1,0.885131396753984,280.37100000000004,4.016420000000003,32.34,1.0,1.0,2.0,21.0,2.0,0.2777777777777778,O=C(Nc1ccccc1)N1CC[C@@H](c2ccccc2)C1,0,True,2.1670816219946563,-2.2901602252406734
Cc1cccc(OCC(=O)NC2CC[NH+](Cc3ccccc3)CC2)c1,,0.8418226373045399,1.73752,3.0026185702124693,0.0,O=C(COc1ccccc1)NC1CC[NH+](Cc2ccccc2)CC1,3.0026185702124693,Cc1cccc(OCC(=O)NC2CC[NH+](Cc3ccccc3)CC2)c1,0.8418226373045399,339.4590000000001,1.73752,42.77,2.0,2.0,6.0,25.0,2.0,0.3809523809523809,O=C(COc1ccccc1)NC1CC[NH+](Cc2ccccc2)CC1,0,True,3.0026185702124693,-2.2920359329079294
CCOC(=O)CCNC(=O)c1ccc(NC(=O)[C@H](C)c2ccc(F)cc2)cc1,,0.682329545569022,3.250900000000001,2.3498662368837966,0.0,O=C(Cc1ccccc1)Nc1ccccc1,2.3498662368837966,CCOC(=O)CCNC(=O)c1ccc(NC(=O)[C@H](C)c2ccc(F)cc2)cc1,0.682329545569022,386.4230000000001,3.250900000000001,84.5,4.0,2.0,8.0,28.0,2.0,0.2857142857142857,O=C(Cc1ccccc1)Nc1ccccc1,0,True,2.3498662368837966,-2.292986691314775
C[C@H]1CCCC[C@@H]1NC(=O)C(C)(C)NC(=O)C(=O)NCc1ccccc1,,0.7017925635850101,1.8925000000000003,2.9495089190755017,0.0,O=C(CNC(=O)C(=O)NCc1ccccc1)NC1CCCCC1,2.9495089190755017,C[C@H]1CCCC[C@@H]1NC(=O)C(C)(C)NC(=O)C(=O)NCc1ccccc1,0.7017925635850101,359.47,1.8925000000000003,87.30000000000001,3.0,3.0,5.0,26.0,1.0,0.55,O=C(CNC(=O)C(=O)NCc1ccccc1)NC1CCCCC1,0,True,2.9495089190755017,-2.3014663554904917
Cc1cc(C)cc(C(=O)NC2C[NH+](CC3CCCCC3)C2)c1,,0.8746041521257221,1.8806399999999992,3.1171938286507768,0.0,O=C(NC1C[NH+](CC2CCCCC2)C1)c1ccccc1,3.1171938286507768,Cc1cc(C)cc(C(=O)NC2C[NH+](CC3CCCCC3)C2)c1,0.8746041521257221,301.45400000000006,1.8806399999999992,33.54,1.0,2.0,4.0,22.0,1.0,0.631578947368421,O=C(NC1C[NH+](CC2CCCCC2)C1)c1ccccc1,0,True,3.1171938286507768,-2.3022696765250554
CC[C@@H](CNC(=O)C1CCCCCC1)NC(=O)c1ccc(C)nc1,,0.7873053475332021,2.9850200000000013,2.599241078529287,0.0,O=C(NCCNC(=O)C1CCCCCC1)c1cccnc1,2.599241078529287,CC[C@@H](CNC(=O)C1CCCCCC1)NC(=O)c1ccc(C)nc1,0.7873053475332021,331.46,2.9850200000000013,71.09,3.0,2.0,6.0,24.0,1.0,0.631578947368421,O=C(NCCNC(=O)C1CCCCCC1)c1cccnc1,0,True,2.599241078529287,-2.3044457309960857
CCO[C@@H]1CCN(C(=O)NC2CCN(C(=O)OC(C)(C)C)C2)C1,,0.8581201681425672,1.8162,3.071006565223036,0.0,O=C(NC1CCNC1)N1CCCC1,3.071006565223036,CCO[C@@H]1CCN(C(=O)NC2CCN(C(=O)OC(C)(C)C)C2)C1,0.8581201681425672,327.4250000000001,1.8162,71.11,4.0,1.0,3.0,23.0,0.0,0.875,O=C(NC1CCNC1)N1CCCC1,0,True,3.071006565223036,-2.304786397080469
Cc1cccc(C(=O)N2CCC[C@@H]2CNC(=O)CCc2cn[nH]n2)c1,,0.8322144846983857,1.4667199999999996,2.8761235378652312,0.0,O=C(CCc1cn[nH]n1)NC[C@H]1CCCN1C(=O)c1ccccc1,2.8761235378652312,Cc1cccc(C(=O)N2CCC[C@@H]2CNC(=O)CCc2cn[nH]n2)c1,0.8322144846983857,341.415,1.4667199999999996,90.98,4.0,2.0,6.0,25.0,2.0,0.4444444444444444,O=C(CCc1cn[nH]n1)NC[C@H]1CCCN1C(=O)c1ccccc1,0,True,2.8761235378652312,-2.3105490531668456
Cc1cccc(C(=O)N2CC[NH+](Cc3ccccc3)CC2)c1,,0.91258164327351,1.5359199999999995,2.9925154244944494,0.0,O=C(c1ccccc1)N1CC[NH+](Cc2ccccc2)CC1,2.9925154244944494,Cc1cccc(C(=O)N2CC[NH+](Cc3ccccc3)CC2)c1,0.91258164327351,295.40600000000006,1.5359199999999995,24.750000000000004,1.0,1.0,3.0,22.0,2.0,0.3157894736842105,O=C(c1ccccc1)N1CC[NH+](Cc2ccccc2)CC1,0,True,2.9925154244944494,-2.3119737812209395
Cc1cccc(C(=O)N2CC[NH+](Cc3ccccc3)CC2)c1,,0.91258164327351,1.5359199999999995,2.9925154244944494,0.0,O=C(c1ccccc1)N1CC[NH+](Cc2ccccc2)CC1,2.9925154244944494,Cc1cccc(C(=O)N2CC[NH+](Cc3ccccc3)CC2)c1,0.91258164327351,295.40600000000006,1.5359199999999995,24.750000000000004,1.0,1.0,3.0,22.0,2.0,0.3157894736842105,O=C(c1ccccc1)N1CC[NH+](Cc2ccccc2)CC1,0,True,2.9925154244944494,-2.3119737812209395
Cc1ccccc1C(=O)NCC1(C(=O)[O-])CCC1,,0.8474549790547662,0.6450199999999995,2.4820578121771586,0.0,O=C(NCC1CCC1)c1ccccc1,2.4820578121771586,Cc1ccccc1C(=O)NCC1(C(=O)[O-])CCC1,0.8474549790547662,246.28599999999992,0.6450199999999995,69.23,3.0,1.0,4.0,18.0,1.0,0.4285714285714285,O=C(NCC1CCC1)c1ccccc1,0,True,2.4820578121771586,-2.3120928331223927
Cc1ccc(C(=O)NC2C[NH+](Cc3ccc(F)cc3)C2)cc1F,,0.8796589950477013,1.4703199999999998,2.927665974896911,0.0,O=C(NC1C[NH+](Cc2ccccc2)C1)c1ccccc1,2.927665974896911,Cc1ccc(C(=O)NC2C[NH+](Cc3ccc(F)cc3)C2)cc1F,0.8796589950477013,317.35900000000004,1.4703199999999998,33.54,1.0,2.0,4.0,23.0,2.0,0.2777777777777778,O=C(NC1C[NH+](Cc2ccccc2)C1)c1ccccc1,0,True,2.927665974896911,-2.3128469798492097
CC(C)(C)OC(=O)NC[C@@H]1CCCN1C(=O)c1cccc(Cl)c1,,0.9176313029946156,3.4693000000000023,2.4981659208162696,0.0,O=C(c1ccccc1)N1CCCC1,2.4981659208162696,CC(C)(C)OC(=O)NC[C@@H]1CCCN1C(=O)c1cccc(Cl)c1,0.9176313029946156,338.8349999999999,3.4693000000000023,58.64,3.0,1.0,3.0,23.0,1.0,0.5294117647058824,O=C(c1ccccc1)N1CCCC1,0,True,2.4981659208162696,-2.315184617821655
Cc1cc[nH]c1C(=O)NC[C@H](C)CNC(=O)c1cccnc1C,,0.7598961683995119,1.82244,2.991832507354731,0.0,O=C(NCCCNC(=O)c1ccc[nH]1)c1cccnc1,2.991832507354731,Cc1cc[nH]c1C(=O)NC[C@H](C)CNC(=O)c1cccnc1C,0.7598961683995119,314.389,1.82244,86.88000000000001,3.0,3.0,6.0,23.0,2.0,0.3529411764705882,O=C(NCCCNC(=O)c1ccc[nH]1)c1cccnc1,0,True,2.991832507354731,-2.320716338955219
Cc1ccc(C[NH+]2CCN(C(=O)C3(c4ccccc4)CC3)CC2)cc1,,0.9076008258024778,1.9539200000000003,3.212939697715104,0.0,O=C(N1CC[NH+](Cc2ccccc2)CC1)C1(c2ccccc2)CC1,3.212939697715104,Cc1ccc(C[NH+]2CCN(C(=O)C3(c4ccccc4)CC3)CC2)cc1,0.9076008258024778,335.4710000000002,1.9539200000000003,24.75,1.0,1.0,4.0,25.0,2.0,0.4090909090909091,O=C(N1CC[NH+](Cc2ccccc2)CC1)C1(c2ccccc2)CC1,0,True,3.212939697715104,-2.328378871912626
CNC(=O)C(=O)NCc1cccc(N2CCOCC2)c1,,0.7561044191573537,-0.1145999999999998,2.0288996010594538,0.0,c1ccc(N2CCOCC2)cc1,2.0288996010594538,CNC(=O)C(=O)NCc1cccc(N2CCOCC2)c1,0.7561044191573537,277.324,-0.1145999999999998,70.67,4.0,2.0,3.0,20.0,1.0,0.4285714285714285,c1ccc(N2CCOCC2)cc1,0,True,2.0288996010594538,-2.3300951819020996
CC[C@@H]1CCC[C@H]1NC(=O)N1CCN(c2ccccc2)CC1,,0.9309449653801553,3.096900000000001,2.714057594490905,0.0,O=C(NC1CCCC1)N1CCN(c2ccccc2)CC1,2.714057594490905,CC[C@@H]1CCC[C@H]1NC(=O)N1CCN(c2ccccc2)CC1,0.9309449653801553,301.4340000000001,3.096900000000001,35.580000000000005,2.0,1.0,3.0,22.0,1.0,0.6111111111111112,O=C(NC1CCCC1)N1CCN(c2ccccc2)CC1,0,True,2.714057594490905,-2.33156262911075
Cc1oc2ccccc2c1C(=O)NC(C)(C)C1CC1,,0.9113649638505852,3.659620000000002,2.4177950973706714,0.0,O=C(NCC1CC1)c1coc2ccccc12,2.4177950973706714,Cc1oc2ccccc2c1C(=O)NC(C)(C)C1CC1,0.9113649638505852,257.333,3.659620000000002,42.24,2.0,1.0,3.0,19.0,2.0,0.4375,O=C(NCC1CC1)c1coc2ccccc12,0,True,2.4177950973706714,-2.3362401335200875
CCc1ccc(CNc2cccc(C(C)C)c2)cc1,,0.7916756388126615,4.984500000000004,1.6385284307040031,0.0,c1ccc(CNc2ccccc2)cc1,1.6385284307040031,CCc1ccc(CNc2cccc(C(C)C)c2)cc1,0.7916756388126615,253.389,4.984500000000004,12.03,1.0,1.0,5.0,19.0,2.0,0.3333333333333333,c1ccc(CNc2ccccc2)cc1,0,True,1.6385284307040031,-2.3391027918913436
CCOC(=O)c1ccc2c(c1)C(C(=O)N1CCN(c3ccc(F)cc3)CC1)C2,,0.7631723824956437,2.9909000000000017,2.609644846351252,0.0,O=C(C1Cc2ccccc21)N1CCN(c2ccccc2)CC1,2.609644846351252,CCOC(=O)c1ccc2c(c1)C(C(=O)N1CCN(c3ccc(F)cc3)CC1)C2,0.7631723824956437,382.4350000000001,2.9909000000000017,49.85000000000001,4.0,0.0,4.0,28.0,2.0,0.3636363636363636,O=C(C1Cc2ccccc21)N1CCN(c2ccccc2)CC1,0,True,2.609644846351252,-2.3419224638556093
CC[C@@H](CNC(=O)c1cccnc1C)NC(=O)c1ccn(-c2ccccc2)n1,,0.6621099874701597,2.514120000000001,2.7476304232743285,0.0,O=C(NCCNC(=O)c1ccn(-c2ccccc2)n1)c1cccnc1,2.7476304232743285,CC[C@@H](CNC(=O)c1cccnc1C)NC(=O)c1ccn(-c2ccccc2)n1,0.6621099874701597,377.448,2.514120000000001,88.91000000000001,5.0,2.0,7.0,28.0,3.0,0.238095238095238,O=C(NCCNC(=O)c1ccn(-c2ccccc2)n1)c1cccnc1,0,True,2.7476304232743285,-2.342580435804169
Cc1ccc(CCC(=O)NC[C@@H](C)CCNC(=O)Cc2ccco2)cn1,,0.6838557261203284,2.41692,2.8191926435431025,0.0,O=C(CCc1cccnc1)NCCCCNC(=O)Cc1ccco1,2.8191926435431025,Cc1ccc(CCC(=O)NC[C@@H](C)CCNC(=O)Cc2ccco2)cn1,0.6838557261203284,357.45400000000006,2.41692,84.23,4.0,2.0,10.0,26.0,2.0,0.45,O=C(CCc1cccnc1)NCCCCNC(=O)Cc1ccco1,0,True,2.8191926435431025,-2.343796917422774
COC[C@H](NC(=O)C(F)(F)c1ccccc1)c1ccccc1,,0.8891878861767819,3.282300000000002,2.5920574454758416,0.0,O=C(Cc1ccccc1)NCc1ccccc1,2.5920574454758416,COC[C@H](NC(=O)C(F)(F)c1ccccc1)c1ccccc1,0.8891878861767819,305.324,3.282300000000002,38.33,2.0,1.0,6.0,22.0,2.0,0.2352941176470588,O=C(Cc1ccccc1)NCc1ccccc1,0,True,2.5920574454758416,-2.3440195592990607
Cc1ccc(-c2csc(NC(=O)CNC(=O)NCCc3ccc(F)cc3)n2)cc1,,0.5528540924777183,3.7380200000000015,2.0283492588706213,0.0,O=C(CNC(=O)NCCc1ccccc1)Nc1nc(-c2ccccc2)cs1,2.0283492588706213,Cc1ccc(-c2csc(NC(=O)CNC(=O)NCCc3ccc(F)cc3)n2)cc1,0.5528540924777183,412.4900000000002,3.7380200000000015,83.12,4.0,3.0,7.0,29.0,3.0,0.1904761904761904,O=C(CNC(=O)NCCc1ccccc1)Nc1nc(-c2ccccc2)cs1,0,True,2.0283492588706213,-2.3445051663929037
Cc1ccc(C[NH2+]CC2CN(C(=O)c3ccc(F)cc3)C2)cn1,,0.9059390860415494,1.3647199999999995,2.933497169423539,0.0,O=C(c1ccccc1)N1CC(C[NH2+]Cc2cccnc2)C1,2.933497169423539,Cc1ccc(C[NH2+]CC2CN(C(=O)c3ccc(F)cc3)C2)cn1,0.9059390860415494,314.38400000000007,1.3647199999999995,49.81,2.0,1.0,5.0,23.0,2.0,0.3333333333333333,O=C(c1ccccc1)N1CC(C[NH2+]Cc2cccnc2)C1,0,True,2.933497169423539,-2.34519808338199
Cc1cc(C)cc(NC(=O)N[C@H](C)C2CCOCC2)c1,,0.8901165767618661,3.2400400000000014,2.615888097080026,0.0,O=C(NCC1CCOCC1)Nc1ccccc1,2.615888097080026,Cc1cc(C)cc(NC(=O)N[C@H](C)C2CCOCC2)c1,0.8901165767618661,276.38,3.2400400000000014,50.36,2.0,2.0,3.0,20.0,1.0,0.5625,O=C(NCC1CCOCC1)Nc1ccccc1,0,True,2.615888097080026,-2.3457915203181603
Cc1ccc(C(=O)N2CCC[C@H]2CNC(=O)c2ccnc(C(C)(C)C)n2)cn1,,0.879109587736873,2.5121200000000004,2.969701739842378,0.0,O=C(NC[C@@H]1CCCN1C(=O)c1cccnc1)c1ccncn1,2.969701739842378,Cc1ccc(C(=O)N2CCC[C@H]2CNC(=O)c2ccnc(C(C)(C)C)n2)cn1,0.879109587736873,381.4800000000001,2.5121200000000004,88.08,5.0,1.0,4.0,28.0,2.0,0.4761904761904761,O=C(NC[C@@H]1CCCN1C(=O)c1cccnc1)c1ccncn1,0,True,2.969701739842378,-2.3466521521055053
CCOC(=O)c1ccccc1C(=O)N1CCN(c2ccc(-c3ccccc3)cn2)CC1,,0.5918936473399414,3.8877000000000033,1.9954821651408563,0.0,O=C(c1ccccc1)N1CCN(c2ccc(-c3ccccc3)cn2)CC1,1.9954821651408563,CCOC(=O)c1ccccc1C(=O)N1CCN(c2ccc(-c3ccccc3)cn2)CC1,0.5918936473399414,415.4930000000001,3.8877000000000033,62.74000000000001,5.0,0.0,5.0,31.0,3.0,0.24,O=C(c1ccccc1)N1CCN(c2ccc(-c3ccccc3)cn2)CC1,0,True,1.9954821651408563,-2.3474385178009163
Cc1cc(C(=O)NC[C@H](C)CNC(=O)C2(C)CCC2)no1,,0.8350626822690378,1.6553199999999992,3.0117645051167106,0.0,O=C(NCCCNC(=O)C1CCC1)c1ccon1,3.0117645051167106,Cc1cc(C(=O)NC[C@H](C)CNC(=O)C2(C)CCC2)no1,0.8350626822690378,293.367,1.6553199999999992,84.23,4.0,2.0,6.0,21.0,1.0,0.6666666666666666,O=C(NCCCNC(=O)C1CCC1)c1ccon1,0,True,3.0117645051167106,-2.3490418228476733
Cc1ccccc1CNC(=O)N1CCC[C@H]1c1ccccc1,,0.9100081490818972,4.041720000000003,2.2402543127215004,0.0,O=C(NCc1ccccc1)N1CCC[C@H]1c1ccccc1,2.2402543127215004,Cc1ccccc1CNC(=O)N1CCC[C@H]1c1ccccc1,0.9100081490818972,294.398,4.041720000000003,32.34,1.0,1.0,3.0,22.0,2.0,0.3157894736842105,O=C(NCc1ccccc1)N1CCC[C@H]1c1ccccc1,0,True,2.2402543127215004,-2.3511061636396047
CCc1ccc(C(=O)N2CCC[C@H]2CNC(=O)c2cnc[nH]2)o1,,0.8762626390389475,1.5997,3.0310456410959894,0.0,O=C(NC[C@@H]1CCCN1C(=O)c1ccco1)c1cnc[nH]1,3.0310456410959894,CCc1ccc(C(=O)N2CCC[C@H]2CNC(=O)c2cnc[nH]2)o1,0.8762626390389475,316.36099999999993,1.5997,91.23,4.0,2.0,5.0,23.0,2.0,0.4375,O=C(NC[C@@H]1CCCN1C(=O)c1ccco1)c1cnc[nH]1,0,True,3.0310456410959894,-2.3549330020570416
CCOC(=O)c1ccc(NC(=O)C(=O)NC[C@H]2CCOC2)cc1,,0.6222847101426812,0.9544999999999996,2.455079530283724,0.0,O=C(NC[C@H]1CCOC1)C(=O)Nc1ccccc1,2.455079530283724,CCOC(=O)c1ccc(NC(=O)C(=O)NC[C@H]2CCOC2)cc1,0.6222847101426812,320.3450000000001,0.9544999999999996,93.73,5.0,2.0,5.0,23.0,1.0,0.4375,O=C(NC[C@H]1CCOC1)C(=O)Nc1ccccc1,0,True,2.455079530283724,-2.355544820141043
COC(=O)c1ccc(NC(=O)C(=O)N[C@H](c2ccccc2)C2CCOCC2)cc1,,0.5987041588399347,2.6958,2.6064944057862736,0.0,O=C(Nc1ccccc1)C(=O)N[C@H](c1ccccc1)C1CCOCC1,2.6064944057862736,COC(=O)c1ccc(NC(=O)C(=O)N[C@H](c2ccccc2)C2CCOCC2)cc1,0.5987041588399347,396.4430000000002,2.6958,93.73,5.0,2.0,5.0,29.0,2.0,0.3181818181818182,O=C(Nc1ccccc1)C(=O)N[C@H](c1ccccc1)C1CCOCC1,0,True,2.6064944057862736,-2.355690246946339
COc1ccc(CNC(=O)NC2CC[NH+](CCc3ccccc3)CC2)cc1,,0.6978799430486227,1.7844000000000002,2.9458977242528217,0.0,O=C(NCc1ccccc1)NC1CC[NH+](CCc2ccccc2)CC1,2.9458977242528217,COc1ccc(CNC(=O)NC2CC[NH+](CCc3ccccc3)CC2)cc1,0.6978799430486227,368.5010000000001,1.7844000000000002,54.8,2.0,3.0,7.0,27.0,2.0,0.4090909090909091,O=C(NCc1ccccc1)NC1CC[NH+](CCc2ccccc2)CC1,0,True,2.9458977242528217,-2.355817781204199
Cc1cc(C(=O)N2CCC[C@H]2CNC(=O)C2=CCOCC2)c(C)o1,,0.9148272524524858,1.96394,3.2539361011537205,0.0,O=C(NC[C@@H]1CCCN1C(=O)c1ccoc1)C1=CCOCC1,3.2539361011537205,Cc1cc(C(=O)N2CCC[C@H]2CNC(=O)C2=CCOCC2)c(C)o1,0.9148272524524858,332.40000000000015,1.96394,71.78,4.0,1.0,4.0,24.0,1.0,0.5555555555555556,O=C(NC[C@@H]1CCCN1C(=O)c1ccoc1)C1=CCOCC1,0,True,3.2539361011537205,-2.3571388487012346
CCCn1nccc1C(=O)N1CC[C@@H](c2ccc(C)cc2)C1,,0.868705844175832,3.231220000000002,2.615358296237984,0.0,O=C(c1ccn[nH]1)N1CC[C@@H](c2ccccc2)C1,2.615358296237984,CCCn1nccc1C(=O)N1CC[C@@H](c2ccc(C)cc2)C1,0.868705844175832,297.402,3.231220000000002,38.13,3.0,0.0,4.0,22.0,2.0,0.4444444444444444,O=C(c1ccn[nH]1)N1CC[C@@H](c2ccccc2)C1,0,True,2.615358296237984,-2.3622624520621534
Cc1cccc(C(=O)N2CC[C@H](CC3CCOCC3)C2)c1,,0.8536247828235686,3.2738200000000024,2.592744169283433,0.0,O=C(c1ccccc1)N1CC[C@H](CC2CCOCC2)C1,2.592744169283433,Cc1cccc(C(=O)N2CC[C@H](CC3CCOCC3)C2)c1,0.8536247828235686,287.403,3.2738200000000024,29.540000000000003,2.0,0.0,3.0,21.0,1.0,0.6111111111111112,O=C(c1ccccc1)N1CC[C@H](CC2CCOCC2)C1,0,True,2.592744169283433,-2.376029386459866
C[C@H]1CSCCN1C(=O)C1CCN(C(=O)OC(C)(C)C)CC1,,0.7422687432109388,2.5974000000000013,2.8211495050291937,0.0,O=C(C1CCNCC1)N1CCSCC1,2.8211495050291937,C[C@H]1CSCCN1C(=O)C1CCN(C(=O)OC(C)(C)C)CC1,0.7422687432109388,328.4780000000001,2.5974000000000013,49.85000000000001,4.0,0.0,1.0,22.0,0.0,0.875,O=C(C1CCNCC1)N1CCSCC1,0,True,2.8211495050291937,-2.3775807618182556
COc1cccc(CNC(=O)NC2CC[NH+](Cc3ccccc3)CC2)c1,,0.7401792455212473,1.7419000000000002,2.9901788821762114,0.0,O=C(NCc1ccccc1)NC1CC[NH+](Cc2ccccc2)CC1,2.9901788821762114,COc1cccc(CNC(=O)NC2CC[NH+](Cc3ccccc3)CC2)c1,0.7401792455212473,354.4740000000001,1.7419000000000002,54.8,2.0,3.0,6.0,26.0,2.0,0.3809523809523809,O=C(NCc1ccccc1)NC1CC[NH+](Cc2ccccc2)CC1,0,True,2.9901788821762114,-2.379049636654964
Cc1ccc(C[NH+]2CCN(C(=O)NC3CCN(c4ccc(F)cc4)CC3)CC2)cc1,,0.8100206355529846,2.21322,3.083084112313789,0.0,O=C(NC1CCN(c2ccccc2)CC1)N1CC[NH+](Cc2ccccc2)CC1,3.083084112313789,Cc1ccc(C[NH+]2CCN(C(=O)NC3CCN(c4ccc(F)cc4)CC3)CC2)cc1,0.8100206355529846,411.5450000000002,2.21322,40.02,2.0,2.0,4.0,30.0,2.0,0.4583333333333333,O=C(NC1CCN(c2ccccc2)CC1)N1CC[NH+](Cc2ccccc2)CC1,0,True,3.083084112313789,-2.3796734767608045
CCc1ccc(C(=O)N2CCC[C@H]2c2ccccc2)cc1,,0.8231798642951653,4.226300000000004,2.090426136496548,0.0,O=C(c1ccccc1)N1CCC[C@H]1c1ccccc1,2.090426136496548,CCc1ccc(C(=O)N2CCC[C@H]2c2ccccc2)cc1,0.8231798642951653,279.383,4.226300000000004,20.31,1.0,0.0,3.0,21.0,2.0,0.3157894736842105,O=C(c1ccccc1)N1CCC[C@H]1c1ccccc1,0,True,2.090426136496548,-2.3803962722013847
CCc1ccc(C(=O)N2CCC[C@H]2c2ccccc2)cc1,,0.8231798642951653,4.226300000000004,2.090426136496548,0.0,O=C(c1ccccc1)N1CCC[C@H]1c1ccccc1,2.090426136496548,CCc1ccc(C(=O)N2CCC[C@H]2c2ccccc2)cc1,0.8231798642951653,279.383,4.226300000000004,20.31,1.0,0.0,3.0,21.0,2.0,0.3157894736842105,O=C(c1ccccc1)N1CCC[C@H]1c1ccccc1,0,True,2.090426136496548,-2.3803962722013847
CCC1(C(=O)NC[C@H](C)CCNC(=O)Cn2ccnc2C)CCC1,,0.725363898350273,2.0304199999999994,3.09065335742686,0.0,O=C(Cn1ccnc1)NCCCCNC(=O)C1CCC1,3.09065335742686,CCC1(C(=O)NC[C@H](C)CCNC(=O)Cn2ccnc2C)CCC1,0.725363898350273,334.4640000000001,2.0304199999999994,76.02000000000001,4.0,2.0,9.0,24.0,1.0,0.7222222222222222,O=C(Cn1ccnc1)NCCCCNC(=O)C1CCC1,0,True,3.09065335742686,-2.380499459076587
Cc1ccn(CCNC(=O)c2ccn(C)n2)n1,,0.828629273815714,0.3550199999999999,2.3946492741482484,0.0,O=C(NCCn1cccn1)c1cc[nH]n1,2.3946492741482484,Cc1ccn(CCNC(=O)c2ccn(C)n2)n1,0.828629273815714,233.27500000000003,0.3550199999999999,64.74000000000001,5.0,1.0,4.0,17.0,2.0,0.3636363636363636,O=C(NCCn1cccn1)c1cc[nH]n1,0,True,2.3946492741482484,-2.3885100003325346
CCc1ccccc1C[NH2+]CC1CCN(C(=O)c2ccc(F)cc2)CC1,,0.8497005052219965,3.0039000000000016,2.739458412540584,0.0,O=C(c1ccccc1)N1CCC(C[NH2+]Cc2ccccc2)CC1,2.739458412540584,CCc1ccccc1C[NH2+]CC1CCN(C(=O)c2ccc(F)cc2)CC1,0.8497005052219965,355.47700000000003,3.0039000000000016,36.92,1.0,1.0,6.0,26.0,2.0,0.4090909090909091,O=C(c1ccccc1)N1CCC(C[NH2+]Cc2ccccc2)CC1,0,True,2.739458412540584,-2.391707907318588
CCOc1ccc(NC(=O)C=Cc2cc(N3CCOCC3)cs2)cc1,,0.8013034659356414,3.635300000000002,2.376127527009098,0.0,O=C(C=Cc1cc(N2CCOCC2)cs1)Nc1ccccc1,2.376127527009098,CCOc1ccc(NC(=O)C=Cc2cc(N3CCOCC3)cs2)cc1,0.8013034659356414,358.4630000000001,3.635300000000002,50.8,5.0,1.0,6.0,25.0,2.0,0.3157894736842105,O=C(C=Cc1cc(N2CCOCC2)cs1)Nc1ccccc1,0,True,2.376127527009098,-2.3924740610734574
Cc1cccc([C@@H](C)CNC(=O)C(N)=O)c1,,0.7358852652348669,0.7000199999999999,2.480101277931375,0.0,c1ccccc1,2.480101277931375,Cc1cccc([C@@H](C)CNC(=O)C(N)=O)c1,0.7358852652348669,220.272,0.7000199999999999,72.19,2.0,2.0,3.0,16.0,1.0,0.3333333333333333,c1ccccc1,0,True,2.480101277931375,-2.3942060126965083
Cc1ccc(C(=O)N2CCC[C@@H](c3ccccc3)C2)c(C)n1,,0.845502083755131,3.7182400000000015,2.386178076457764,0.0,O=C(c1cccnc1)N1CCC[C@@H](c2ccccc2)C1,2.386178076457764,Cc1ccc(C(=O)N2CCC[C@@H](c3ccccc3)C2)c(C)n1,0.845502083755131,294.398,3.7182400000000015,33.2,2.0,0.0,2.0,22.0,2.0,0.3684210526315789,O=C(c1cccnc1)N1CCC[C@@H](c2ccccc2)C1,0,True,2.386178076457764,-2.3997959927026336
O=CN[C@H]1CCN(c2cccc(F)c2)C1,,0.7556452004312405,1.1503999999999996,2.7321088194191603,0.0,c1ccc(N2CCCC2)cc1,2.7321088194191603,O=CN[C@H]1CCN(c2cccc(F)c2)C1,0.7556452004312405,208.236,1.1503999999999996,32.34,2.0,1.0,3.0,15.0,1.0,0.3636363636363636,c1ccc(N2CCCC2)cc1,0,True,2.7321088194191603,-2.40126361898792
Cc1ccoc1C(=O)NC[C@H](C)CNC(=O)Cc1scnc1C,,0.8112009659242018,2.0777399999999995,3.1772476515855,0.0,O=C(Cc1cncs1)NCCCNC(=O)c1ccco1,3.1772476515855,Cc1ccoc1C(=O)NC[C@H](C)CNC(=O)Cc1scnc1C,0.8112009659242018,335.42900000000003,2.0777399999999995,84.23,5.0,2.0,7.0,23.0,2.0,0.4375,O=C(Cc1cncs1)NCCCNC(=O)c1ccco1,0,True,3.1772476515855,-2.404916685661298
CCc1occc1C(=O)NC[C@H]1CCCN1C(=O)CC1CCOCC1,,0.8566770206688963,2.3795,3.0722619994036933,0.0,O=C(NC[C@H]1CCCN1C(=O)CC1CCOCC1)c1ccoc1,3.0722619994036933,CCc1occc1C(=O)NC[C@H]1CCCN1C(=O)CC1CCOCC1,0.8566770206688963,348.4430000000001,2.3795,71.78,4.0,1.0,6.0,25.0,1.0,0.6842105263157895,O=C(NC[C@H]1CCCN1C(=O)CC1CCOCC1)c1ccoc1,0,True,3.0722619994036933,-2.405334978734797
CCc1ccc(CCCNC(=O)C[NH+]2CCN(c3ccccc3)CC2)cc1,,0.698043575123497,1.7029000000000016,2.9554393016627536,0.0,O=C(C[NH+]1CCN(c2ccccc2)CC1)NCCCc1ccccc1,2.9554393016627536,CCc1ccc(CCCNC(=O)C[NH+]2CCN(c3ccccc3)CC2)cc1,0.698043575123497,366.52900000000005,1.7029000000000016,36.78,2.0,2.0,8.0,27.0,2.0,0.4347826086956521,O=C(C[NH+]1CCN(c2ccccc2)CC1)NCCCc1ccccc1,0,True,2.9554393016627536,-2.405945726539256
Cc1ccc([C@H]2CCCN(C(=O)c3ccc(F)cc3)C2)cc1,,0.8150189104031407,4.153920000000003,2.145276977556666,0.0,O=C(c1ccccc1)N1CCC[C@H](c2ccccc2)C1,2.145276977556666,Cc1ccc([C@H]2CCCN(C(=O)c3ccc(F)cc3)C2)cc1,0.8150189104031407,297.37300000000005,4.153920000000003,20.31,1.0,0.0,2.0,22.0,2.0,0.3157894736842105,O=C(c1ccccc1)N1CCC[C@H](c2ccccc2)C1,0,True,2.145276977556666,-2.4072180671535266
CCOc1ccccc1C(=O)Nc1cccc(OCc2ccccc2)c1,,0.6600001666644706,4.916600000000003,1.6094094489778286,0.0,O=C(Nc1cccc(OCc2ccccc2)c1)c1ccccc1,1.6094094489778286,CCOc1ccccc1C(=O)Nc1cccc(OCc2ccccc2)c1,0.6600001666644706,347.41400000000004,4.916600000000003,47.56,3.0,1.0,7.0,26.0,3.0,0.1363636363636363,O=C(Nc1cccc(OCc2ccccc2)c1)c1ccccc1,0,True,1.6094094489778286,-2.40770928231336
CC(C)[NH+]1CC(C(=O)N2CCC(c3ccccc3)CC2)C1,,0.8907981823168561,1.3156999999999996,2.9566167625442947,0.0,O=C(C1C[NH2+]C1)N1CCC(c2ccccc2)CC1,2.9566167625442947,CC(C)[NH+]1CC(C(=O)N2CCC(c3ccccc3)CC2)C1,0.8907981823168561,287.42700000000013,1.3156999999999996,24.75,1.0,1.0,3.0,21.0,1.0,0.6111111111111112,O=C(C1C[NH2+]C1)N1CCC(c2ccccc2)CC1,0,True,2.9566167625442947,-2.407968580227439
CCc1ccc(C(=O)NC[C@@H](C)CCNC(=O)c2ccc[nH]2)o1,,0.6982258838241089,2.3561000000000005,2.9286137314671574,0.0,O=C(NCCCCNC(=O)c1ccco1)c1ccc[nH]1,2.9286137314671574,CCc1ccc(C(=O)NC[C@@H](C)CCNC(=O)c2ccc[nH]2)o1,0.6982258838241089,317.38899999999995,2.3561000000000005,87.13000000000001,3.0,3.0,8.0,23.0,2.0,0.4117647058823529,O=C(NCCCCNC(=O)c1ccco1)c1ccc[nH]1,0,True,2.9286137314671574,-2.408437847643049
COc1ccc(C(=O)N2CCC([NH+]3CCN(C(=O)c4ccccc4)CC3)CC2)cc1C,,0.815350124701517,1.6491200000000008,3.0484941962558123,0.0,O=C(c1ccccc1)N1CCC([NH+]2CCN(C(=O)c3ccccc3)CC2)CC1,3.0484941962558123,COc1ccc(C(=O)N2CCC([NH+]3CCN(C(=O)c4ccccc4)CC3)CC2)cc1C,0.815350124701517,422.5490000000002,1.6491200000000008,54.29,3.0,1.0,4.0,31.0,2.0,0.44,O=C(c1ccccc1)N1CCC([NH+]2CCN(C(=O)c3ccccc3)CC2)CC1,0,True,3.0484941962558123,-2.4085840715542948
Cc1c(C(=O)N2CC[NH+](Cc3ccccc3)CC2)cnn1-c1ccccc1,,0.7689624134278847,1.7216200000000002,3.039112135158372,0.0,O=C(c1cnn(-c2ccccc2)c1)N1CC[NH+](Cc2ccccc2)CC1,3.039112135158372,Cc1c(C(=O)N2CC[NH+](Cc3ccccc3)CC2)cnn1-c1ccccc1,0.7689624134278847,361.4690000000001,1.7216200000000002,42.57,3.0,1.0,4.0,27.0,3.0,0.2727272727272727,O=C(c1cnn(-c2ccccc2)c1)N1CC[NH+](Cc2ccccc2)CC1,0,True,3.039112135158372,-2.409339721730487
Cc1ccc(NC(=O)N2CCC[C@H]2c2ccccc2)cc1,,0.8703788868356214,4.364020000000003,2.101314661086711,0.0,O=C(Nc1ccccc1)N1CCC[C@H]1c1ccccc1,2.101314661086711,Cc1ccc(NC(=O)N2CCC[C@H]2c2ccccc2)cc1,0.8703788868356214,280.371,4.364020000000003,32.34,1.0,1.0,2.0,21.0,2.0,0.2777777777777778,O=C(Nc1ccccc1)N1CCC[C@H]1c1ccccc1,0,True,2.101314661086711,-2.412945774251091
Cc1ccc(-c2noc(COc3ccc(-n4cccn4)cc3)n2)cc1,,0.5558353239093422,3.809720000000002,2.063974728900135,0.0,c1ccc(-c2noc(COc3ccc(-n4cccn4)cc3)n2)cc1,2.063974728900135,Cc1ccc(-c2noc(COc3ccc(-n4cccn4)cc3)n2)cc1,0.5558353239093422,332.36300000000006,3.809720000000002,65.97,6.0,0.0,5.0,25.0,4.0,0.1052631578947368,c1ccc(-c2noc(COc3ccc(-n4cccn4)cc3)n2)cc1,0,True,2.063974728900135,-2.412999404990794
CC(C)Oc1cccc(C(=O)N2CCC([NH+]3CCN(C(=O)Cc4ccccc4)CC3)CC2)c1,,0.7330543163884864,2.0482000000000014,3.123809952280711,0.0,O=C(Cc1ccccc1)N1CC[NH+](C2CCN(C(=O)c3ccccc3)CC2)CC1,3.123809952280711,CC(C)Oc1cccc(C(=O)N2CCC([NH+]3CCN(C(=O)Cc4ccccc4)CC3)CC2)c1,0.7330543163884864,450.6030000000002,2.0482000000000014,54.29,3.0,1.0,6.0,33.0,2.0,0.4814814814814814,O=C(Cc1ccccc1)N1CC[NH+](C2CCN(C(=O)c3ccccc3)CC2)CC1,0,True,3.123809952280711,-2.4148556358922253
CC[C@H](NC(=O)NCc1ccc(F)cc1)C1CCCC1,,0.8487124331229853,3.593700000000003,2.467084453355332,0.0,O=C(NCc1ccccc1)NCC1CCCC1,2.467084453355332,CC[C@H](NC(=O)NCc1ccc(F)cc1)C1CCCC1,0.8487124331229853,278.37100000000004,3.593700000000003,41.13,1.0,2.0,5.0,20.0,1.0,0.5625,O=C(NCc1ccccc1)NCC1CCCC1,0,True,2.467084453355332,-2.415222020232348
CCc1ccc(C(=O)NCCc2ccc(NC(=O)CC[NH+]3CCCC3)cc2)cc1,,0.6107783751089888,2.2288,2.913023163279467,0.0,O=C(CC[NH+]1CCCC1)Nc1ccc(CCNC(=O)c2ccccc2)cc1,2.913023163279467,CCc1ccc(C(=O)NCCc2ccc(NC(=O)CC[NH+]3CCCC3)cc2)cc1,0.6107783751089888,394.5390000000002,2.2288,62.64,2.0,3.0,9.0,29.0,2.0,0.4166666666666667,O=C(CC[NH+]1CCCC1)Nc1ccc(CCNC(=O)c2ccccc2)cc1,0,True,2.913023163279467,-2.416644788170478
CC(C)CCC[NH+]1CC(NC(=O)CCCc2cccc(F)c2)C1,,0.716244798308226,1.9678999999999995,3.1264837633584497,0.0,O=C(CCCc1ccccc1)NC1C[NH2+]C1,3.1264837633584497,CC(C)CCC[NH+]1CC(NC(=O)CCCc2cccc(F)c2)C1,0.716244798308226,321.46000000000004,1.9678999999999995,33.54,1.0,2.0,9.0,23.0,1.0,0.631578947368421,O=C(CCCc1ccccc1)NC1C[NH2+]C1,0,True,3.1264837633584497,-2.426288965050224
Cc1nn(C)cc1C(=O)N1CCC(C[NH2+]Cc2ccc(F)cc2)CC1,,0.8924919027338991,1.48342,3.063732709632763,0.0,O=C(c1cn[nH]c1)N1CCC(C[NH2+]Cc2ccccc2)CC1,3.063732709632763,Cc1nn(C)cc1C(=O)N1CCC(C[NH2+]Cc2ccc(F)cc2)CC1,0.8924919027338991,345.442,1.48342,54.74,3.0,1.0,5.0,25.0,2.0,0.4736842105263157,O=C(c1cn[nH]c1)N1CCC(C[NH2+]Cc2ccccc2)CC1,0,True,3.063732709632763,-2.4295308068988644
Cc1ccc(C2(NC(=O)C3=CCOCC3)CCCC2)cc1,,0.9256810858664896,3.2272200000000018,2.7426292446440232,0.0,O=C(NC1(c2ccccc2)CCCC1)C1=CCOCC1,2.7426292446440232,Cc1ccc(C2(NC(=O)C3=CCOCC3)CCCC2)cc1,0.9256810858664896,285.38699999999994,3.2272200000000018,38.33,2.0,1.0,3.0,21.0,1.0,0.5,O=C(NC1(c2ccccc2)CCCC1)C1=CCOCC1,0,True,2.7426292446440232,-2.4305581587775347
Cc1ccc(NC(=O)N2CCN(C(=O)c3cccc(-c4ccccc4)c3)CC2)cc1,,0.6968770055564573,4.651920000000003,1.8070050672209472,0.0,O=C(Nc1ccccc1)N1CCN(C(=O)c2cccc(-c3ccccc3)c2)CC1,1.8070050672209472,Cc1ccc(NC(=O)N2CCN(C(=O)c3cccc(-c4ccccc4)c3)CC2)cc1,0.6968770055564573,399.49400000000014,4.651920000000003,52.650000000000006,2.0,1.0,3.0,30.0,3.0,0.2,O=C(Nc1ccccc1)N1CCN(C(=O)c2cccc(-c3ccccc3)c2)CC1,0,True,1.8070050672209472,-2.4360880616644915
Cc1ccc(C(=O)NC[C@H](C)CNC(=O)C[C@H]2CCCOC2)cc1F,,0.7936224234121461,2.43292,3.020879347107164,0.0,O=C(C[C@H]1CCCOC1)NCCCNC(=O)c1ccccc1,3.020879347107164,Cc1ccc(C(=O)NC[C@H](C)CNC(=O)C[C@H]2CCCOC2)cc1F,0.7936224234121461,350.43400000000014,2.43292,67.43,3.0,2.0,7.0,25.0,1.0,0.5789473684210527,O=C(C[C@H]1CCCOC1)NCCCNC(=O)c1ccccc1,0,True,3.020879347107164,-2.443716923695018
Cc1ccc(CNC(=O)c2csc(C3CCCC3)n2)s1,,0.923697861639354,4.100620000000003,2.3180420553383865,0.0,O=C(NCc1cccs1)c1csc(C2CCCC2)n1,2.3180420553383865,Cc1ccc(CNC(=O)c2csc(C3CCCC3)n2)s1,0.923697861639354,306.456,4.100620000000003,41.99,4.0,1.0,4.0,20.0,2.0,0.4666666666666667,O=C(NCc1cccs1)c1csc(C2CCCC2)n1,0,True,2.3180420553383865,-2.444654193699034
Cc1ccccc1C(=O)NCC[NH+](C)CCCc1ccccc1,,0.7666081851573899,1.87232,3.15074564109599,0.0,O=C(NCC[NH2+]CCCc1ccccc1)c1ccccc1,3.15074564109599,Cc1ccccc1C(=O)NCC[NH+](C)CCCc1ccccc1,0.7666081851573899,311.449,1.87232,33.54,1.0,2.0,8.0,23.0,2.0,0.35,O=C(NCC[NH2+]CCCc1ccccc1)c1ccccc1,0,True,3.15074564109599,-2.4479774559386
Cc1ccc(C(=O)N[C@@H]2CCC[C@H](n3cccn3)C2)cc1,,0.9405274321232884,3.105220000000002,2.8389938571058,0.0,O=C(N[C@@H]1CCC[C@H](n2cccn2)C1)c1ccccc1,2.8389938571058,Cc1ccc(C(=O)N[C@@H]2CCC[C@H](n3cccn3)C2)cc1,0.9405274321232884,283.375,3.105220000000002,46.92,3.0,1.0,3.0,21.0,2.0,0.4117647058823529,O=C(N[C@@H]1CCC[C@H](n2cccn2)C1)c1ccccc1,0,True,2.8389938571058,-2.4510764249825128
COc1cccc(C(=O)NC2C[NH+](Cc3ccccc3)C2)c1,,0.8607028981543863,0.8922999999999996,2.762494785758186,0.0,O=C(NC1C[NH+](Cc2ccccc2)C1)c1ccccc1,2.762494785758186,COc1cccc(C(=O)NC2C[NH+](Cc3ccccc3)C2)c1,0.8607028981543863,297.37800000000004,0.8922999999999996,42.77,2.0,2.0,5.0,22.0,2.0,0.2777777777777778,O=C(NC1C[NH+](Cc2ccccc2)C1)c1ccccc1,0,True,2.762494785758186,-2.4556418876037998
Cc1ccc(C(=O)N2CCC([NH+](C)CCC(=O)Nc3ccccc3)CC2)cc1,,0.8068292363971961,2.1431200000000006,3.19358042327433,0.0,O=C(CC[NH2+]C1CCN(C(=O)c2ccccc2)CC1)Nc1ccccc1,3.19358042327433,Cc1ccc(C(=O)N2CCC([NH+](C)CCC(=O)Nc3ccccc3)CC2)cc1,0.8068292363971961,380.5120000000001,2.1431200000000006,53.85000000000001,2.0,2.0,6.0,28.0,2.0,0.391304347826087,O=C(CC[NH2+]C1CCN(C(=O)c2ccccc2)CC1)Nc1ccccc1,0,True,3.19358042327433,-2.4583111868771343
CCO[C@@H]1CCCN1C(=O)C(C)(C)c1ccccc1,,0.8336790052573074,2.949200000000001,2.81854824085897,0.0,O=C(Cc1ccccc1)N1CCCC1,2.81854824085897,CCO[C@@H]1CCCN1C(=O)C(C)(C)c1ccccc1,0.8336790052573074,261.365,2.949200000000001,29.54,2.0,0.0,4.0,19.0,1.0,0.5625,O=C(Cc1ccccc1)N1CCCC1,0,True,2.81854824085897,-2.459469235601663
Cc1ccc(NC(=O)N2CCC([NH+]3CCCCC3)CC2)cc1,,0.861909225782358,2.0601199999999995,3.291968789879065,0.0,O=C(Nc1ccccc1)N1CCC([NH+]2CCCCC2)CC1,3.291968789879065,Cc1ccc(NC(=O)N2CCC([NH+]3CCCCC3)CC2)cc1,0.861909225782358,302.442,2.0601199999999995,36.78,1.0,2.0,2.0,22.0,1.0,0.6111111111111112,O=C(Nc1ccccc1)N1CCC([NH+]2CCCCC2)CC1,0,True,3.291968789879065,-2.460119564096707
CC1(C)C[C@H]1C(=O)N1CC(CNC(=O)c2cc(C3CC3)no2)C1,,0.8980923924709409,1.7862999999999998,3.25266145431503,0.0,O=C(NCC1CN(C(=O)C2CC2)C1)c1cc(C2CC2)no1,3.25266145431503,CC1(C)C[C@H]1C(=O)N1CC(CNC(=O)c2cc(C3CC3)no2)C1,0.8980923924709409,317.3890000000001,1.7862999999999998,75.44,4.0,1.0,5.0,23.0,1.0,0.7058823529411765,O=C(NCC1CN(C(=O)C2CC2)C1)c1cc(C2CC2)no1,0,True,3.25266145431503,-2.461419061844089
Cc1cc(C(=O)N2CCC[C@H](CNC(=O)[C@H]3CCCCO3)C2)no1,,0.9016495247798644,1.5205199999999996,3.125088989454702,0.0,O=C(NC[C@H]1CCCN(C(=O)c2ccon2)C1)[C@H]1CCCCO1,3.125088989454702,Cc1cc(C(=O)N2CCC[C@H](CNC(=O)[C@H]3CCCCO3)C2)no1,0.9016495247798644,335.40400000000017,1.5205199999999996,84.67,5.0,1.0,4.0,24.0,1.0,0.7058823529411765,O=C(NC[C@H]1CCCN(C(=O)c2ccon2)C1)[C@H]1CCCCO1,0,True,3.125088989454702,-2.463179464674838
CCOC(=O)c1ccc(NC(=O)N2CC[NH+](Cc3ccc(C)c(C)c3)CC2)cc1,,0.7632807311865679,2.4127400000000003,3.023117454354246,0.0,O=C(Nc1ccccc1)N1CC[NH+](Cc2ccccc2)CC1,3.023117454354246,CCOC(=O)c1ccc(NC(=O)N2CC[NH+](Cc3ccc(C)c(C)c3)CC2)cc1,0.7632807311865679,396.51100000000014,2.4127400000000003,63.08,3.0,2.0,5.0,29.0,2.0,0.391304347826087,O=C(Nc1ccccc1)N1CC[NH+](Cc2ccccc2)CC1,0,True,3.023117454354246,-2.466206723167678
Cc1ccc(C(=O)NC[C@H](C)CNC(=O)CC[C@H]2CCOC2)cc1F,,0.7566427455490872,2.43292,3.0080222042500218,0.0,O=C(CC[C@H]1CCOC1)NCCCNC(=O)c1ccccc1,3.0080222042500218,Cc1ccc(C(=O)NC[C@H](C)CNC(=O)CC[C@H]2CCOC2)cc1F,0.7566427455490872,350.43400000000014,2.43292,67.43,3.0,2.0,8.0,25.0,1.0,0.5789473684210527,O=C(CC[C@H]1CCOC1)NCCCNC(=O)c1ccccc1,0,True,3.0080222042500218,-2.4678394587009347
Cc1cccc(NC(=O)NCC2(n3cccn3)CCCCC2)c1,,0.904627427012694,3.672620000000003,2.5363969486339943,0.0,O=C(NCC1(n2cccn2)CCCCC1)Nc1ccccc1,2.5363969486339943,Cc1cccc(NC(=O)NCC2(n3cccn3)CCCCC2)c1,0.904627427012694,312.41700000000014,3.672620000000003,58.95,3.0,2.0,4.0,23.0,2.0,0.4444444444444444,O=C(NCC1(n2cccn2)CCCCC1)Nc1ccccc1,0,True,2.5363969486339943,-2.4680795216213016
Cc1cccc(C(=O)Nc2ccc(NC(=O)N3CCN(c4ccccc4)CC3)cc2)c1,,0.6557227076405576,4.601420000000004,1.824794472833165,0.0,O=C(Nc1ccc(NC(=O)N2CCN(c3ccccc3)CC2)cc1)c1ccccc1,1.824794472833165,Cc1cccc(C(=O)Nc2ccc(NC(=O)N3CCN(c4ccccc4)CC3)cc2)c1,0.6557227076405576,414.5090000000002,4.601420000000004,64.68,3.0,2.0,4.0,31.0,3.0,0.2,O=C(Nc1ccc(NC(=O)N2CCN(c3ccccc3)CC2)cc1)c1ccccc1,0,True,1.824794472833165,-2.469781765192609
Cc1cncc(C(=O)NC[C@@H](NC(=O)c2cccc(C)n2)c2ccccc2)c1,,0.6946936617481154,2.994540000000001,2.667433500197406,0.0,O=C(NC[C@@H](NC(=O)c1ccccn1)c1ccccc1)c1cccnc1,2.667433500197406,Cc1cncc(C(=O)NC[C@@H](NC(=O)c2cccc(C)n2)c2ccccc2)c1,0.6946936617481154,374.4440000000001,2.994540000000001,83.98,4.0,2.0,6.0,28.0,3.0,0.1818181818181818,O=C(NC[C@@H](NC(=O)c1ccccn1)c1ccccc1)c1cccnc1,0,True,2.667433500197406,-2.4700098384492915
CCc1ccc(F)cc1C(=O)NC1CC[NH+](Cc2ccccc2)CC1,,0.860070756065642,2.3654,3.153720466945874,0.0,O=C(NC1CC[NH+](Cc2ccccc2)CC1)c1ccccc1,3.153720466945874,CCc1ccc(F)cc1C(=O)NC1CC[NH+](Cc2ccccc2)CC1,0.860070756065642,341.45000000000005,2.3654,33.54,1.0,2.0,5.0,25.0,2.0,0.3809523809523809,O=C(NC1CC[NH+](Cc2ccccc2)CC1)c1ccccc1,0,True,3.153720466945874,-2.476349710880232
Cc1cc(N2CC[C@@H](CNC(=O)c3cc[nH]c3C)C2)cc(C)n1,,0.9120194370212767,2.591260000000001,3.0956643823547303,0.0,O=C(NC[C@@H]1CCN(c2ccncc2)C1)c1cc[nH]c1,3.0956643823547303,Cc1cc(N2CC[C@@H](CNC(=O)c3cc[nH]c3C)C2)cc(C)n1,0.9120194370212767,312.4170000000001,2.591260000000001,61.02,3.0,2.0,4.0,23.0,2.0,0.4444444444444444,O=C(NC[C@@H]1CCN(c2ccncc2)C1)c1cc[nH]c1,0,True,3.0956643823547303,-2.479274945333454
CCOc1ccc(C(=O)N2CC[NH+](C3CCN(C(=O)OC(C)(C)C)CC3)CC2)cc1,,0.8103806256364654,1.8255000000000003,3.205841065705224,0.0,O=C(c1ccccc1)N1CC[NH+](C2CCNCC2)CC1,3.205841065705224,CCOc1ccc(C(=O)N2CC[NH+](C3CCN(C(=O)OC(C)(C)C)CC3)CC2)cc1,0.8103806256364654,418.5580000000003,1.8255000000000003,63.52,4.0,1.0,4.0,30.0,1.0,0.6521739130434783,O=C(c1ccccc1)N1CC[NH+](C2CCNCC2)CC1,0,True,3.205841065705224,-2.4827104400687583
CC[C@H](CNC(=O)c1cn[nH]c1C1CC1)NC(=O)c1ccc(F)cn1,,0.7117726590960874,1.7595999999999998,3.0762701312718246,0.0,O=C(NCCNC(=O)c1cn[nH]c1C1CC1)c1ccccn1,3.0762701312718246,CC[C@H](CNC(=O)c1cn[nH]c1C1CC1)NC(=O)c1ccc(F)cn1,0.7117726590960874,345.378,1.7595999999999998,99.77,4.0,3.0,7.0,25.0,2.0,0.4117647058823529,O=C(NCCNC(=O)c1cn[nH]c1C1CC1)c1ccccn1,0,True,3.0762701312718246,-2.4846974721757373
CCCCCNC(=O)c1ccc(NC(=O)C(=O)NCc2ccc(C(C)C)cc2)cc1,,0.4323156870609535,3.9849000000000014,1.926725131639289,0.0,O=C(NCc1ccccc1)C(=O)Nc1ccccc1,1.926725131639289,CCCCCNC(=O)c1ccc(NC(=O)C(=O)NCc2ccc(C(C)C)cc2)cc1,0.4323156870609535,409.5300000000002,3.9849000000000014,87.30000000000001,3.0,3.0,9.0,30.0,2.0,0.375,O=C(NCc1ccccc1)C(=O)Nc1ccccc1,0,True,1.926725131639289,-2.4868594445783363
CC(C)(C)OC(=O)NCc1ccc(C[NH+]2CCCC2)cc1,,0.889449295814311,1.89,3.3238848199106563,0.0,c1ccc(C[NH+]2CCCC2)cc1,3.3238848199106563,CC(C)(C)OC(=O)NCc1ccc(C[NH+]2CCCC2)cc1,0.889449295814311,291.415,1.89,42.77,2.0,2.0,4.0,21.0,1.0,0.5882352941176471,c1ccc(C[NH+]2CCCC2)cc1,0,True,3.3238848199106563,-2.4894355240963457
CC(C)c1ccc(C[NH+]2CCN(c3ccccc3)CC2)cc1,,0.9111356737642424,2.7151000000000014,3.043421674494449,0.0,c1ccc(C[NH+]2CCN(c3ccccc3)CC2)cc1,3.043421674494449,CC(C)c1ccc(C[NH+]2CCN(c3ccccc3)CC2)cc1,0.9111356737642424,295.45,2.7151000000000014,7.680000000000001,1.0,1.0,4.0,22.0,2.0,0.4,c1ccc(C[NH+]2CCN(c3ccccc3)CC2)cc1,0,True,3.043421674494449,-2.4898360007302074
CCOC(=O)c1ccc(C(=O)N2CC[NH+](Cc3ccc(F)c(F)c3)CC2)cc1F,,0.7698283867708634,1.8215,3.170890562546866,0.0,O=C(c1ccccc1)N1CC[NH+](Cc2ccccc2)CC1,3.170890562546866,CCOC(=O)c1ccc(C(=O)N2CC[NH+](Cc3ccc(F)c(F)c3)CC2)cc1F,0.7698283867708634,407.4120000000001,1.8215,51.05,3.0,1.0,5.0,29.0,2.0,0.3333333333333333,O=C(c1ccccc1)N1CC[NH+](Cc2ccccc2)CC1,0,True,3.170890562546866,-2.490312175776003
CC(C)(C)OC(=O)N1CCC([NH+]2CCN(C(=O)CCCc3ccccc3)CC2)CC1,,0.8001957718926963,2.135900000000001,3.2230275169010865,0.0,O=C(CCCc1ccccc1)N1CC[NH+](C2CCNCC2)CC1,3.2230275169010865,CC(C)(C)OC(=O)N1CCC([NH+]2CCN(C(=O)CCCc3ccccc3)CC2)CC1,0.8001957718926963,416.5860000000002,2.135900000000001,54.29,3.0,1.0,5.0,30.0,1.0,0.6666666666666666,O=C(CCCc1ccccc1)N1CC[NH+](C2CCNCC2)CC1,0,True,3.2230275169010865,-2.4907817450083902
Cc1cccc(C)c1NC(=O)NCCC[NH+]1CCN(c2ccccc2)CC1,,0.6859299453299704,2.22014,3.0679981511871333,0.0,O=C(NCCC[NH+]1CCN(c2ccccc2)CC1)Nc1ccccc1,3.0679981511871333,Cc1cccc(C)c1NC(=O)NCCC[NH+]1CCN(c2ccccc2)CC1,0.6859299453299704,367.5170000000001,2.22014,48.81,2.0,3.0,6.0,27.0,2.0,0.4090909090909091,O=C(NCCC[NH+]1CCN(c2ccccc2)CC1)Nc1ccccc1,0,True,3.0679981511871333,-2.4921382058571626
Cc1ccccc1C(=O)N1CC(CNC(=O)[C@@H]2CC23CCOCC3)C1,,0.9104319863204065,1.99992,3.4026389598138422,0.0,O=C(NCC1CN(C(=O)c2ccccc2)C1)[C@@H]1CC12CCOCC2,3.4026389598138422,Cc1ccccc1C(=O)N1CC(CNC(=O)[C@@H]2CC23CCOCC3)C1,0.9104319863204065,342.4390000000002,1.99992,58.64,3.0,1.0,4.0,25.0,1.0,0.6,O=C(NCC1CN(C(=O)c2ccccc2)C1)[C@@H]1CC12CCOCC2,0,True,3.4026389598138422,-2.492246973493436
Cc1ccoc1C(=O)N1CC[C@@](C)(CNC(=O)c2ccc[nH]2)C1,,0.9076336054390036,2.19832,3.301350062828104,0.0,O=C(NCC1CCN(C(=O)c2ccco2)C1)c1ccc[nH]1,3.301350062828104,Cc1ccoc1C(=O)N1CC[C@@](C)(CNC(=O)c2ccc[nH]2)C1,0.9076336054390036,315.373,2.19832,78.34,3.0,2.0,4.0,23.0,2.0,0.4117647058823529,O=C(NCC1CCN(C(=O)c2ccco2)C1)c1ccc[nH]1,0,True,3.301350062828104,-2.4928764573891002
CCOC(=O)[C@H](NC(=O)N[C@H]1CCCNC1)c1ccccc1,,0.7173674735108762,1.342,2.883214325260134,0.0,O=C(NCc1ccccc1)N[C@H]1CCCNC1,2.883214325260134,CCOC(=O)[C@H](NC(=O)N[C@H]1CCCNC1)c1ccccc1,0.7173674735108762,305.378,1.342,79.46,4.0,3.0,5.0,22.0,1.0,0.5,O=C(NCc1ccccc1)N[C@H]1CCCNC1,0,True,2.883214325260134,-2.4948468517492577
CC(C)(C)OC(=O)N1CCC(C(=O)N2CCC[C@H](n3cccn3)C2=O)CC1,,0.7390979967137654,2.2203,3.125294878911226,0.0,O=C(C1CCNCC1)N1CCC[C@H](n2cccn2)C1=O,3.125294878911226,CC(C)(C)OC(=O)N1CCC(C(=O)N2CCC[C@H](n3cccn3)C2=O)CC1,0.7390979967137654,376.4570000000001,2.2203,84.74000000000001,6.0,0.0,2.0,27.0,1.0,0.6842105263157895,O=C(C1CCNCC1)N1CCC[C@H](n2cccn2)C1=O,0,True,3.125294878911226,-2.4963468821974604
COc1cccc(C(=O)N2CCC[C@H]2C[NH2+]Cc2cccc(C)c2)c1,,0.8781926512144002,2.37182,3.190148537865233,0.0,O=C(c1ccccc1)N1CCC[C@H]1C[NH2+]Cc1ccccc1,3.190148537865233,COc1cccc(C(=O)N2CCC[C@H]2C[NH2+]Cc2cccc(C)c2)c1,0.8781926512144002,339.45899999999995,2.37182,46.15,2.0,1.0,6.0,25.0,2.0,0.3809523809523809,O=C(c1ccccc1)N1CCC[C@H]1C[NH2+]Cc1ccccc1,0,True,3.190148537865233,-2.4978658866508328
CC(C)(C)OC(=O)N1CCC([NH2+]Cc2ccc(Cl)cc2)CC1,,0.9285271746108308,2.802900000000001,3.030535210906809,0.0,c1ccc(C[NH2+]C2CCNCC2)cc1,3.030535210906809,CC(C)(C)OC(=O)N1CCC([NH2+]Cc2ccc(Cl)cc2)CC1,0.9285271746108308,325.86000000000007,2.802900000000001,46.15,2.0,1.0,3.0,22.0,1.0,0.5882352941176471,c1ccc(C[NH2+]C2CCNCC2)cc1,0,True,3.030535210906809,-2.503458036295979
Cc1ccc(C(=O)NCCCOCC(=O)[O-])cc1C,,0.7130262979527646,0.18984,2.311581783761204,0.0,c1ccccc1,2.311581783761204,Cc1ccc(C(=O)NCCCOCC(=O)[O-])cc1C,0.7130262979527646,264.301,0.18984,78.46,4.0,1.0,7.0,19.0,1.0,0.4285714285714285,c1ccccc1,0,True,2.311581783761204,-2.5036354858084393
Cc1ccc(C(=O)NC[C@@H]2CCCN2C(=O)[C@H]2CCNC(=O)C2)cc1,,0.8633569700551444,1.24202,2.991888899807984,0.0,O=C1C[C@@H](C(=O)N2CCC[C@H]2CNC(=O)c2ccccc2)CCN1,2.991888899807984,Cc1ccc(C(=O)NC[C@@H]2CCCN2C(=O)[C@H]2CCNC(=O)C2)cc1,0.8633569700551444,343.4270000000001,1.24202,78.51,3.0,2.0,4.0,25.0,1.0,0.5263157894736842,O=C1C[C@@H](C(=O)N2CCC[C@H]2CNC(=O)c2ccccc2)CCN1,0,True,2.991888899807984,-2.5075219297528397
CC(C)(C)OC(=O)N1CCC([NH+]2CCN(C(=O)CCc3ccccc3)CC2)CC1,,0.8348560978771282,1.7458000000000016,3.2192617320277925,0.0,O=C(CCc1ccccc1)N1CC[NH+](C2CCNCC2)CC1,3.2192617320277925,CC(C)(C)OC(=O)N1CCC([NH+]2CCN(C(=O)CCc3ccccc3)CC2)CC1,0.8348560978771282,402.5590000000002,1.7458000000000016,54.29,3.0,1.0,4.0,29.0,1.0,0.6521739130434783,O=C(CCc1ccccc1)N1CC[NH+](C2CCNCC2)CC1,0,True,3.2192617320277925,-2.5115056341506636
CCc1[nH]ccc1C(=O)NC1(c2ccc(F)cc2)CCC1,,0.8870591514153344,3.525400000000002,2.6396712605886243,0.0,O=C(NC1(c2ccccc2)CCC1)c1cc[nH]c1,2.6396712605886243,CCc1[nH]ccc1C(=O)NC1(c2ccc(F)cc2)CCC1,0.8870591514153344,286.3500000000001,3.525400000000002,44.89,1.0,2.0,4.0,21.0,2.0,0.3529411764705882,O=C(NC1(c2ccccc2)CCC1)c1cc[nH]c1,0,True,2.6396712605886243,-2.515312109173291
Cc1ccc(C[NH+]2CC(NC(=O)CCCc3ccccc3)C2)cn1,,0.8062963821354834,1.2962200000000004,2.9700649110134307,0.0,O=C(CCCc1ccccc1)NC1C[NH+](Cc2cccnc2)C1,2.9700649110134307,Cc1ccc(C[NH+]2CC(NC(=O)CCCc3ccccc3)C2)cn1,0.8062963821354834,324.44800000000004,1.2962200000000004,46.43,2.0,2.0,7.0,24.0,2.0,0.4,O=C(CCCc1ccccc1)NC1C[NH+](Cc2cccnc2)C1,0,True,2.9700649110134307,-2.515658528877947
Cc1cc(C)cc(C(=O)N2CCC([NH+]3CCC(NC(=O)c4ccccc4)CC3)CC2)c1,,0.7981057024116991,2.38534,3.1237005921071503,0.0,O=C(NC1CC[NH+](C2CCN(C(=O)c3ccccc3)CC2)CC1)c1ccccc1,3.1237005921071503,Cc1cc(C)cc(C(=O)N2CCC([NH+]3CCC(NC(=O)c4ccccc4)CC3)CC2)c1,0.7981057024116991,420.5770000000002,2.38534,53.85,2.0,2.0,4.0,31.0,2.0,0.4615384615384615,O=C(NC1CC[NH+](C2CCN(C(=O)c3ccccc3)CC2)CC1)c1ccccc1,0,True,3.1237005921071503,-2.518264889695451
Cc1ccc2[nH]cc(C(=O)N3CCC[C@H](C(=O)[O-])C3)c2c1,,0.89664654451072,1.0784199999999995,2.955372245458438,0.0,O=C(c1c[nH]c2ccccc12)N1CCCCC1,2.955372245458438,Cc1ccc2[nH]cc(C(=O)N3CCC[C@H](C(=O)[O-])C3)c2c1,0.89664654451072,285.32300000000004,1.0784199999999995,76.23,3.0,1.0,2.0,21.0,2.0,0.375,O=C(c1c[nH]c2ccccc12)N1CCCCC1,0,True,2.955372245458438,-2.5195157009477183
Cc1ccc([C@@H](O)CNC(=O)c2csc(C3CCCC3)n2)cc1,,0.8807505094685549,3.5725200000000017,2.618732354382704,0.0,O=C(NCCc1ccccc1)c1csc(C2CCCC2)n1,2.618732354382704,Cc1ccc([C@@H](O)CNC(=O)c2csc(C3CCCC3)n2)cc1,0.8807505094685549,330.45300000000015,3.5725200000000017,62.22,4.0,2.0,5.0,23.0,2.0,0.4444444444444444,O=C(NCCc1ccccc1)c1csc(C2CCCC2)n1,0,True,2.618732354382704,-2.52424184491415
Cc1ccncc1C(=O)N1CCC[C@](C)(NC(=O)c2cccs2)C1,,0.931997532319872,2.876220000000001,3.023513702963675,0.0,O=C(NC1CCCN(C(=O)c2cccnc2)C1)c1cccs1,3.023513702963675,Cc1ccncc1C(=O)N1CCC[C@](C)(NC(=O)c2cccs2)C1,0.931997532319872,343.452,2.876220000000001,62.3,4.0,1.0,3.0,24.0,2.0,0.3888888888888889,O=C(NC1CCCN(C(=O)c2cccnc2)C1)c1cccs1,0,True,3.023513702963675,-2.5296261706438035
Cc1ncccc1C(=O)N1CCC[C@H]1C[NH2+]Cc1ccc(F)cc1,,0.911244297214116,1.89732,3.390614135778943,0.0,O=C(c1cccnc1)N1CCC[C@H]1C[NH2+]Cc1ccccc1,3.390614135778943,Cc1ncccc1C(=O)N1CCC[C@H]1C[NH2+]Cc1ccc(F)cc1,0.911244297214116,328.41099999999994,1.89732,49.81,2.0,1.0,5.0,24.0,2.0,0.3684210526315789,O=C(c1cccnc1)N1CCC[C@H]1C[NH2+]Cc1ccccc1,0,True,3.390614135778943,-2.5307098385648272
Cc1ccc(C(=O)NC2CC[NH+](CCc3ccc(F)cc3)CC2)o1,,0.8767793199727831,1.7469199999999996,3.282375947802728,0.0,O=C(NC1CC[NH+](CCc2ccccc2)CC1)c1ccco1,3.282375947802728,Cc1ccc(C(=O)NC2CC[NH+](CCc3ccc(F)cc3)CC2)o1,0.8767793199727831,331.4110000000001,1.7469199999999996,46.68,2.0,2.0,5.0,24.0,2.0,0.4210526315789473,O=C(NC1CC[NH+](CCc2ccccc2)CC1)c1ccco1,0,True,3.282375947802728,-2.532136627829945
CC(C)c1ccc(C[NH+]2CC(NC(=O)Cc3ccccn3)C2)cc1,,0.842073360707793,1.331,3.04368755512124,0.0,O=C(Cc1ccccn1)NC1C[NH+](Cc2ccccc2)C1,3.04368755512124,CC(C)c1ccc(C[NH+]2CC(NC(=O)Cc3ccccn3)C2)cc1,0.842073360707793,324.44800000000004,1.331,46.43,2.0,2.0,6.0,24.0,2.0,0.4,O=C(Cc1ccccn1)NC1C[NH+](Cc2ccccc2)C1,0,True,3.04368755512124,-2.5361141944134467
COc1ccc(C(=O)NCCC[NH+]2CCN(c3ccccc3)CC2)cc1,,0.7352544316699677,1.2202000000000013,2.8907780724596126,0.0,O=C(NCCC[NH+]1CCN(c2ccccc2)CC1)c1ccccc1,2.8907780724596126,COc1ccc(C(=O)NCCC[NH+]2CCN(c3ccccc3)CC2)cc1,0.7352544316699677,354.47400000000005,1.2202000000000013,46.01,3.0,2.0,7.0,26.0,2.0,0.3809523809523809,O=C(NCCC[NH+]1CCN(c2ccccc2)CC1)c1ccccc1,0,True,2.8907780724596126,-2.5454236407896444
CCc1nc(C[NH+]2CCN(C(=O)OCc3ccccc3)CC2)cs1,,0.8971055541341999,1.7428,3.324047968825184,0.0,O=C(OCc1ccccc1)N1CC[NH+](Cc2cscn2)CC1,3.324047968825184,CCc1nc(C[NH+]2CCN(C(=O)OCc3ccccc3)CC2)cs1,0.8971055541341999,346.47600000000006,1.7428,46.870000000000005,4.0,1.0,5.0,24.0,2.0,0.4444444444444444,O=C(OCc1ccccc1)N1CC[NH+](Cc2cscn2)CC1,0,True,3.324047968825184,-2.555542414690984
CCOC(=O)C[C@@H](C)CNC(=O)C(=O)Nc1ccc(-c2ccc(C)cc2)cc1,,0.5683577175975529,3.306020000000002,2.47250765700214,0.0,c1ccc(-c2ccccc2)cc1,2.47250765700214,CCOC(=O)C[C@@H](C)CNC(=O)C(=O)Nc1ccc(-c2ccc(C)cc2)cc1,0.5683577175975529,382.4600000000001,3.306020000000002,84.5,4.0,2.0,7.0,28.0,2.0,0.3181818181818182,c1ccc(-c2ccccc2)cc1,0,True,2.47250765700214,-2.5571599394045883
Cc1ccc([C@@H]2CCCN2C(=O)OC(C)(C)C)cc1,,0.7624032046346738,4.067020000000003,2.2877759789409176,0.0,c1ccc([C@@H]2CCCN2)cc1,2.2877759789409176,Cc1ccc([C@@H]2CCCN2C(=O)OC(C)(C)C)cc1,0.7624032046346738,261.36499999999995,4.067020000000003,29.540000000000003,2.0,0.0,1.0,19.0,1.0,0.5625,c1ccc([C@@H]2CCCN2)cc1,0,True,2.2877759789409176,-2.5588827743062454
Cc1ccc(C(=O)NCC[C@@H]2CCN(C(=O)C(C)(C)c3ccccc3)C2)cn1,,0.8373110994630171,3.3362200000000017,2.728668356575204,0.0,O=C(NCC[C@@H]1CCN(C(=O)Cc2ccccc2)C1)c1cccnc1,2.728668356575204,Cc1ccc(C(=O)NCC[C@@H]2CCN(C(=O)C(C)(C)c3ccccc3)C2)cn1,0.8373110994630171,379.5040000000001,3.3362200000000017,62.3,3.0,1.0,6.0,28.0,2.0,0.4347826086956521,O=C(NCC[C@@H]1CCN(C(=O)Cc2ccccc2)C1)c1cccnc1,0,True,2.728668356575204,-2.5594672571121877
Cc1ccccc1C[NH+]1CCN(C(=O)NCc2ccc(-n3cccn3)cc2)CC1,,0.697985102043374,1.791019999999999,3.15399324731308,0.0,O=C(NCc1ccc(-n2cccn2)cc1)N1CC[NH+](Cc2ccccc2)CC1,3.15399324731308,Cc1ccccc1C[NH+]1CCN(C(=O)NCc2ccc(-n3cccn3)cc2)CC1,0.697985102043374,390.51100000000014,1.791019999999999,54.6,3.0,2.0,5.0,29.0,3.0,0.3043478260869565,O=C(NCc1ccc(-n2cccn2)cc1)N1CC[NH+](Cc2ccccc2)CC1,0,True,3.15399324731308,-2.560498145269707
Cc1cccc(C(=O)NC[C@@H]2CCCN2C(=O)C(C)CC2CC2)n1,,0.8722489325297947,2.5470200000000007,3.1600300866443387,0.0,O=C(NC[C@@H]1CCCN1C(=O)CCC1CC1)c1ccccn1,3.1600300866443387,Cc1cccc(C(=O)NC[C@@H]2CCCN2C(=O)C(C)CC2CC2)n1,0.8722489325297947,329.44400000000013,2.5470200000000007,62.3,3.0,1.0,6.0,24.0,1.0,0.631578947368421,O=C(NC[C@@H]1CCCN1C(=O)CCC1CC1)c1ccccn1,0,True,3.1600300866443387,-2.5612911541145444
Cc1ccccc1C(=O)N1CCO[C@@H](c2ccc(Br)cc2)C1,,0.8111613720591918,3.9712200000000033,2.389617636897324,0.0,O=C(c1ccccc1)N1CCO[C@@H](c2ccccc2)C1,2.389617636897324,Cc1ccccc1C(=O)N1CCO[C@@H](c2ccc(Br)cc2)C1,0.8111613720591918,360.251,3.9712200000000033,29.540000000000003,2.0,0.0,2.0,22.0,2.0,0.2777777777777778,O=C(c1ccccc1)N1CCO[C@@H](c2ccccc2)C1,0,True,2.389617636897324,-2.564066264838134
CC[C@@H](C)C(=O)N1CC[C@H](NC(=O)c2cscc2C)C1,,0.926954821357772,2.433320000000001,3.2773457844438365,0.0,O=C(N[C@H]1CCNC1)c1ccsc1,3.2773457844438365,CC[C@@H](C)C(=O)N1CC[C@H](NC(=O)c2cscc2C)C1,0.926954821357772,294.42000000000013,2.433320000000001,49.41,3.0,1.0,4.0,20.0,1.0,0.6,O=C(N[C@H]1CCNC1)c1ccsc1,0,True,3.2773457844438365,-2.567050963086065
Cc1nc(C[NH+]2CCN(C(=O)c3ccc(Cl)cc3)CC2)cs1,,0.9250936530503884,1.6458200000000005,3.318602478065877,0.0,O=C(c1ccccc1)N1CC[NH+](Cc2cscn2)CC1,3.318602478065877,Cc1nc(C[NH+]2CCN(C(=O)c3ccc(Cl)cc3)CC2)cs1,0.9250936530503884,336.8680000000001,1.6458200000000005,37.64,3.0,1.0,3.0,22.0,2.0,0.375,O=C(c1ccccc1)N1CC[NH+](Cc2cscn2)CC1,0,True,3.318602478065877,-2.5705988250154883
CCOC(=O)C[C@H]1CCCN1C(=O)Nc1cccc(N2CCCCC2)c1,,0.8157535601239608,3.626400000000003,2.5767780988445583,0.0,O=C(Nc1cccc(N2CCCCC2)c1)N1CCCC1,2.5767780988445583,CCOC(=O)C[C@H]1CCCN1C(=O)Nc1cccc(N2CCCCC2)c1,0.8157535601239608,359.47000000000025,3.626400000000003,61.88,4.0,1.0,5.0,26.0,1.0,0.6,O=C(Nc1cccc(N2CCCCC2)c1)N1CCCC1,0,True,2.5767780988445583,-2.574224538720599
CCOc1ccc([C@@H](C)NC(=O)N2CCN(c3ccc(F)cc3F)CC2)cc1,,0.8420906689377765,3.9563000000000033,2.443169427656024,0.0,O=C(NCc1ccccc1)N1CCN(c2ccccc2)CC1,2.443169427656024,CCOc1ccc([C@@H](C)NC(=O)N2CCN(c3ccc(F)cc3F)CC2)cc1,0.8420906689377765,389.4460000000001,3.9563000000000033,44.81,3.0,1.0,5.0,28.0,2.0,0.3809523809523809,O=C(NCc1ccccc1)N1CCN(c2ccccc2)CC1,0,True,2.443169427656024,-2.579228758718249
Cc1cccc(CC(=O)N2CCC[NH+](Cc3ccccc3)CC2)c1,,0.9125557318258032,1.85492,3.425651039744542,0.0,O=C(Cc1ccccc1)N1CCC[NH+](Cc2ccccc2)CC1,3.425651039744542,Cc1cccc(CC(=O)N2CCC[NH+](Cc3ccccc3)CC2)c1,0.9125557318258032,323.46000000000004,1.85492,24.750000000000004,1.0,1.0,4.0,24.0,2.0,0.3809523809523809,O=C(Cc1ccccc1)N1CCC[NH+](Cc2ccccc2)CC1,0,True,3.425651039744542,-2.585635307918739
CCCC1(C(=O)NCc2csc(-c3ccccc3)n2)CCC1,,0.8585565108862387,4.396700000000003,2.2600464341098334,0.0,O=C(NCc1csc(-c2ccccc2)n1)C1CCC1,2.2600464341098334,CCCC1(C(=O)NCc2csc(-c3ccccc3)n2)CCC1,0.8585565108862387,314.4540000000001,4.396700000000003,41.99,3.0,1.0,6.0,22.0,2.0,0.4444444444444444,O=C(NCc1csc(-c2ccccc2)n1)C1CCC1,0,True,2.2600464341098334,-2.599839923223596
CCOC(=O)Cc1ccc(CNC(=O)N2CC[NH+](Cc3ccccc3)CC2)cc1,,0.695813339434342,1.4025000000000014,2.99927151492782,0.0,O=C(NCc1ccccc1)N1CC[NH+](Cc2ccccc2)CC1,2.99927151492782,CCOC(=O)Cc1ccc(CNC(=O)N2CC[NH+](Cc3ccccc3)CC2)cc1,0.695813339434342,396.51100000000014,1.4025000000000014,63.08,3.0,2.0,7.0,29.0,2.0,0.391304347826087,O=C(NCc1ccccc1)N1CC[NH+](Cc2ccccc2)CC1,0,True,2.99927151492782,-2.6022081754934776
Cc1ccc(-c2cccc(C(=O)N3CCC[C@H](C)C3)c2)cc1,,0.796081749092885,4.534120000000003,2.132916537996225,0.0,O=C(c1cccc(-c2ccccc2)c1)N1CCCCC1,2.132916537996225,Cc1ccc(-c2cccc(C(=O)N3CCC[C@H](C)C3)c2)cc1,0.796081749092885,293.4099999999999,4.534120000000003,20.31,1.0,0.0,2.0,22.0,2.0,0.35,O=C(c1cccc(-c2ccccc2)c1)N1CCCCC1,0,True,2.132916537996225,-2.6038947889033417
CCc1ccncc1C(=O)NC1CC([NH2+]CC2CCCC2)C1,,0.8394163572362906,1.6583999999999992,3.273367313230713,0.0,O=C(NC1CC([NH2+]CC2CCCC2)C1)c1cccnc1,3.273367313230713,CCc1ccncc1C(=O)NC1CC([NH2+]CC2CCCC2)C1,0.8394163572362906,302.4420000000001,1.6583999999999992,58.6,2.0,2.0,6.0,22.0,1.0,0.6666666666666666,O=C(NC1CC([NH2+]CC2CCCC2)C1)c1cccnc1,0,True,3.273367313230713,-2.6047509559944224
Cc1ccc(OCC(=O)N2CC[NH+](Cc3cccs3)CC2)cc1,,0.8976772464600836,1.3626200000000002,3.1907351805513304,0.0,O=C(COc1ccccc1)N1CC[NH+](Cc2cccs2)CC1,3.1907351805513304,Cc1ccc(OCC(=O)N2CC[NH+](Cc3cccs3)CC2)cc1,0.8976772464600836,331.46100000000007,1.3626200000000002,33.98,3.0,1.0,5.0,23.0,2.0,0.3888888888888889,O=C(COc1ccccc1)N1CC[NH+](Cc2cccs2)CC1,0,True,3.1907351805513304,-2.6117479340912464
CC(C)c1cccnc1C(=O)NC1C[NH+](CCC2CCCCC2)C1,,0.8396569153138083,2.1723,3.36683235150133,0.0,O=C(NC1C[NH+](CCC2CCCCC2)C1)c1ccccn1,3.36683235150133,CC(C)c1cccnc1C(=O)NC1C[NH+](CCC2CCCCC2)C1,0.8396569153138083,330.4960000000002,2.1723,46.43,2.0,2.0,6.0,24.0,1.0,0.7,O=C(NC1C[NH+](CCC2CCCCC2)C1)c1ccccn1,0,True,3.36683235150133,-2.6133254361875213
CCOc1ccc(NC(=O)C(=O)N(C)Cc2ccc(Oc3ccccc3)cc2)cc1,,0.5899902357786071,4.474700000000003,1.9666008663696743,0.0,O=C(NCc1ccc(Oc2ccccc2)cc1)C(=O)Nc1ccccc1,1.9666008663696743,CCOc1ccc(NC(=O)C(=O)N(C)Cc2ccc(Oc3ccccc3)cc2)cc1,0.5899902357786071,404.46600000000007,4.474700000000003,67.87,4.0,1.0,7.0,30.0,3.0,0.1666666666666666,O=C(NCc1ccc(Oc2ccccc2)cc1)C(=O)Nc1ccccc1,0,True,1.9666008663696743,-2.6139606305910688
Cc1ccc(-c2noc(CNC(=O)N3CC[NH+](C4CCCCC4)CC3)n2)cc1,,0.8427323687782111,1.7878199999999995,3.3557082951317074,0.0,O=C(NCc1nc(-c2ccccc2)no1)N1CC[NH+](C2CCCCC2)CC1,3.3557082951317074,Cc1ccc(-c2noc(CNC(=O)N3CC[NH+](C4CCCCC4)CC3)n2)cc1,0.8427323687782111,384.5040000000003,1.7878199999999995,75.7,4.0,2.0,4.0,28.0,2.0,0.5714285714285714,O=C(NCc1nc(-c2ccccc2)no1)N1CC[NH+](C2CCCCC2)CC1,0,True,3.3557082951317074,-2.619065926353496
C[C@H]1CCCN(C(=O)Nc2ccc(-c3nccs3)cc2)C1,,0.9083244424327688,4.073900000000003,2.4930927190942764,0.0,O=C(Nc1ccc(-c2nccs2)cc1)N1CCCCC1,2.4930927190942764,C[C@H]1CCCN(C(=O)Nc2ccc(-c3nccs3)cc2)C1,0.9083244424327688,301.4150000000001,4.073900000000003,45.23,3.0,1.0,2.0,21.0,2.0,0.375,O=C(Nc1ccc(-c2nccs2)cc1)N1CCCCC1,0,True,2.4930927190942764,-2.6217182766615093
Cc1ccc(C[NH+]2CCN(C(=O)NCc3ccc(F)c(N4CCOCC4)c3)CC2)cc1,,0.7619927602749278,1.581020000000002,3.17668062667932,0.0,O=C(NCc1cccc(N2CCOCC2)c1)N1CC[NH+](Cc2ccccc2)CC1,3.17668062667932,Cc1ccc(C[NH+]2CCN(C(=O)NCc3ccc(F)c(N4CCOCC4)c3)CC2)cc1,0.7619927602749278,427.5440000000003,1.581020000000002,49.25,3.0,2.0,5.0,31.0,2.0,0.4583333333333333,O=C(NCc1cccc(N2CCOCC2)c1)N1CC[NH+](Cc2ccccc2)CC1,0,True,3.17668062667932,-2.6241778664043913
Cc1ccc(CNC(=O)N2CCC[C@H]2c2ccccc2)s1,,0.9089640963897204,4.103220000000003,2.482344925903861,0.0,O=C(NCc1cccs1)N1CCC[C@H]1c1ccccc1,2.482344925903861,Cc1ccc(CNC(=O)N2CCC[C@H]2c2ccccc2)s1,0.9089640963897204,300.427,4.103220000000003,32.34,2.0,1.0,3.0,21.0,2.0,0.3529411764705882,O=C(NCc1cccs1)N1CCC[C@H]1c1ccccc1,0,True,2.482344925903861,-2.624990829514142
Cc1cccc(C(=O)NCC2(NC(=O)[C@@H]3CCC(=O)N3)CCC2)c1,,0.7542374326348262,1.0423199999999992,2.905328756654498,0.0,O=C1CC[C@@H](C(=O)NC2(CNC(=O)c3ccccc3)CCC2)N1,2.905328756654498,Cc1cccc(C(=O)NCC2(NC(=O)[C@@H]3CCC(=O)N3)CCC2)c1,0.7542374326348262,329.4000000000001,1.0423199999999992,87.30000000000001,3.0,3.0,5.0,24.0,1.0,0.5,O=C1CC[C@@H](C(=O)NC2(CNC(=O)c3ccccc3)CCC2)N1,0,True,2.905328756654498,-2.629931324019672
CCCC[NH+]1CC(CNC(=O)c2cc3ccccc3o2)C1,,0.8451496652373894,1.477400000000001,3.215275158893707,0.0,O=C(NCC1C[NH2+]C1)c1cc2ccccc2o1,3.215275158893707,CCCC[NH+]1CC(CNC(=O)c2cc3ccccc3o2)C1,0.8451496652373894,287.3830000000001,1.477400000000001,46.68,2.0,2.0,6.0,21.0,2.0,0.4705882352941176,O=C(NCC1C[NH2+]C1)c1cc2ccccc2o1,0,True,3.215275158893707,-2.6314254936563173
Cc1cc(C)n([C@@H]2CCCN(C(=O)C3CCN(c4ccccc4)CC3)C2)n1,,0.8336885764742531,3.580040000000002,2.679225482461522,0.0,O=C(C1CCN(c2ccccc2)CC1)N1CCC[C@@H](n2cccn2)C1,2.679225482461522,Cc1cc(C)n([C@@H]2CCCN(C(=O)C3CCN(c4ccccc4)CC3)C2)n1,0.8336885764742531,366.5090000000001,3.580040000000002,41.370000000000005,4.0,0.0,3.0,27.0,2.0,0.5454545454545454,O=C(C1CCN(c2ccccc2)CC1)N1CCC[C@@H](n2cccn2)C1,0,True,2.679225482461522,-2.63555690598727
Cc1ccccc1C(=O)N1CCCC[C@H]1OCc1ccccc1,,0.8483073060421901,4.164020000000003,2.4072414661664414,0.0,O=C(c1ccccc1)N1CCCC[C@H]1OCc1ccccc1,2.4072414661664414,Cc1ccccc1C(=O)N1CCCC[C@H]1OCc1ccccc1,0.8483073060421901,309.40899999999993,4.164020000000003,29.540000000000003,2.0,0.0,4.0,23.0,2.0,0.35,O=C(c1ccccc1)N1CCCC[C@H]1OCc1ccccc1,0,True,2.4072414661664414,-2.640944160124253
CCC[C@@H](CC)CC(=O)NCC1(C(=O)[O-])CCCCC1,,0.7401989470398287,2.019399999999999,3.372332432744363,0.0,C1CCCCC1,3.372332432744363,CCC[C@@H](CC)CC(=O)NCC1(C(=O)[O-])CCCCC1,0.7401989470398287,282.404,2.019399999999999,69.23,3.0,1.0,8.0,20.0,0.0,0.875,C1CCCCC1,0,True,3.372332432744363,-2.641833485704534
Cc1cccc(C)c1C(=O)N1CCC[C@@H](c2ccccc2)C1,,0.8070690928099872,4.323240000000004,2.2933868676665554,0.0,O=C(c1ccccc1)N1CCC[C@@H](c2ccccc2)C1,2.2933868676665554,Cc1cccc(C)c1C(=O)N1CCC[C@@H](c2ccccc2)C1,0.8070690928099872,293.41,4.323240000000004,20.31,1.0,0.0,2.0,22.0,2.0,0.35,O=C(c1ccccc1)N1CCC[C@@H](c2ccccc2)C1,0,True,2.2933868676665554,-2.6479377748565702
COc1ccc(C(=O)N2CC[NH+](Cc3ccccc3)CC2)c(N(C)C)c1,,0.8795574960059592,1.3021000000000007,3.1786346869688584,0.0,O=C(c1ccccc1)N1CC[NH+](Cc2ccccc2)CC1,3.1786346869688584,COc1ccc(C(=O)N2CC[NH+](Cc3ccccc3)CC2)c(N(C)C)c1,0.8795574960059592,354.47400000000016,1.3021000000000007,37.22,3.0,1.0,5.0,26.0,2.0,0.3809523809523809,O=C(c1ccccc1)N1CC[NH+](Cc2ccccc2)CC1,0,True,3.1786346869688584,-2.6480271909628987
Cc1ccc(C(=O)N2CCC(NC(=O)CC[NH+]3CCCCC3)CC2)c(C)c1,,0.8227096376059551,1.4831400000000003,3.2134979898100493,0.0,O=C(CC[NH+]1CCCCC1)NC1CCN(C(=O)c2ccccc2)CC1,3.2134979898100493,Cc1ccc(C(=O)N2CCC(NC(=O)CC[NH+]3CCCCC3)CC2)c(C)c1,0.8227096376059551,372.5330000000003,1.4831400000000003,53.85,2.0,2.0,5.0,27.0,1.0,0.6363636363636364,O=C(CC[NH+]1CCCCC1)NC1CCN(C(=O)c2ccccc2)CC1,0,True,3.2134979898100493,-2.6492183522040937
CCc1[nH]ccc1C(=O)N[C@H](C)CN(C)C(=O)OC(C)(C)C,,0.8775510351644731,2.5623000000000005,3.2469768259841,0.0,c1cc[nH]c1,3.2469768259841,CCc1[nH]ccc1C(=O)N[C@H](C)CN(C)C(=O)OC(C)(C)C,0.8775510351644731,309.41,2.5623000000000005,74.43,3.0,2.0,5.0,22.0,1.0,0.625,c1cc[nH]c1,0,True,3.2469768259841,-2.650575790819627
CC(C)(C)OC(=O)N1CCC([NH+]2CCN(C(=O)c3ccccc3)CC2)CC1,,0.8520473104963373,1.4268000000000012,3.2162816298542163,0.0,O=C(c1ccccc1)N1CC[NH+](C2CCNCC2)CC1,3.2162816298542163,CC(C)(C)OC(=O)N1CCC([NH+]2CCN(C(=O)c3ccccc3)CC2)CC1,0.8520473104963373,374.50500000000017,1.4268000000000012,54.29,3.0,1.0,2.0,27.0,1.0,0.6190476190476191,O=C(c1ccccc1)N1CC[NH+](C2CCNCC2)CC1,0,True,3.2162816298542163,-2.6508343193578785
Cc1ccc(-c2nsc(NC(=O)C(=O)Nc3ccc(C(F)(F)F)cc3)n2)cc1,,0.6414795605694585,4.109520000000002,2.239724704425976,0.0,O=C(Nc1ccccc1)C(=O)Nc1nc(-c2ccccc2)ns1,2.239724704425976,Cc1ccc(-c2nsc(NC(=O)C(=O)Nc3ccc(C(F)(F)F)cc3)n2)cc1,0.6414795605694585,406.38900000000007,4.109520000000002,83.98,5.0,2.0,3.0,28.0,3.0,0.1111111111111111,O=C(Nc1ccccc1)C(=O)Nc1nc(-c2ccccc2)ns1,0,True,2.239724704425976,-2.653005143856518
CCc1ccc(C(=O)N2CCC([NH+]3CCCC3)CC2)cc1,,0.8958647762261924,1.5322999999999996,3.3186110857537336,0.0,O=C(c1ccccc1)N1CCC([NH+]2CCCC2)CC1,3.3186110857537336,CCc1ccc(C(=O)N2CCC([NH+]3CCCC3)CC2)cc1,0.8958647762261924,287.427,1.5322999999999996,24.750000000000004,1.0,1.0,3.0,21.0,1.0,0.6111111111111112,O=C(c1ccccc1)N1CCC([NH+]2CCCC2)CC1,0,True,3.3186110857537336,-2.6565963095275418
Cc1ccccc1NC(=O)N1CC[NH+](C2CCCC2)CC1,,0.8532298375879508,1.6700199999999996,3.345152573773909,0.0,O=C(Nc1ccccc1)N1CC[NH+](C2CCCC2)CC1,3.345152573773909,Cc1ccccc1NC(=O)N1CC[NH+](C2CCCC2)CC1,0.8532298375879508,288.4150000000001,1.6700199999999996,36.78,1.0,2.0,2.0,21.0,1.0,0.5882352941176471,O=C(Nc1ccccc1)N1CC[NH+](C2CCCC2)CC1,0,True,3.345152573773909,-2.6569127361859586
CC(C)(C)OC(=O)N1CCC([NH2+]Cc2ccnc(N3CCOCC3)c2)CC1,,0.858379910253754,1.3811000000000009,3.205884403396464,0.0,c1cc(C[NH2+]C2CCNCC2)cc(N2CCOCC2)n1,3.205884403396464,CC(C)(C)OC(=O)N1CCC([NH2+]Cc2ccnc(N3CCOCC3)c2)CC1,0.858379910253754,377.5090000000002,1.3811000000000009,71.51,5.0,1.0,4.0,27.0,1.0,0.7,c1cc(C[NH2+]C2CCNCC2)cc(N2CCOCC2)n1,0,True,3.205884403396464,-2.6569544931427096
Cc1ccc(C(=O)NCC2C[NH+](Cc3ccccn3)C2)cc1,,0.8585738836481568,0.8347200000000004,2.934343137406538,0.0,O=C(NCC1C[NH+](Cc2ccccn2)C1)c1ccccc1,2.934343137406538,Cc1ccc(C(=O)NCC2C[NH+](Cc3ccccn3)C2)cc1,0.8585738836481568,296.39400000000006,0.8347200000000004,46.43,2.0,2.0,5.0,22.0,2.0,0.3333333333333333,O=C(NCC1C[NH+](Cc2ccccn2)C1)c1ccccc1,0,True,2.934343137406538,-2.658409253758381
CCOC(=O)c1cccc(C(=O)Nc2cccc(COCc3ccccc3)c2)c1,,0.5604726844987602,4.832400000000004,1.803316569872873,0.0,O=C(Nc1cccc(COCc2ccccc2)c1)c1ccccc1,1.803316569872873,CCOC(=O)c1cccc(C(=O)Nc2cccc(COCc3ccccc3)c2)c1,0.5604726844987602,389.45100000000014,4.832400000000004,64.63000000000001,4.0,1.0,8.0,29.0,3.0,0.1666666666666666,O=C(Nc1cccc(COCc2ccccc2)c1)c1ccccc1,0,True,1.803316569872873,-2.659043885374115
Cc1cccc(C[NH+]2CC(NC(=O)c3cccs3)C2)c1,,0.871809373878558,1.2536199999999995,3.15797328526998,0.0,O=C(NC1C[NH+](Cc2ccccc2)C1)c1cccs1,3.15797328526998,Cc1cccc(C[NH+]2CC(NC(=O)c3cccs3)C2)c1,0.871809373878558,287.4080000000001,1.2536199999999995,33.54,2.0,2.0,4.0,20.0,2.0,0.3125,O=C(NC1C[NH+](Cc2ccccc2)C1)c1cccs1,0,True,3.15797328526998,-2.659353911391422
CC(C)(C)OC(=O)NC1C[NH+](CCCOc2ccccc2)C1,,0.7778073955867026,1.2473000000000003,3.063098640919417,0.0,c1ccc(OCCC[NH+]2CCC2)cc1,3.063098640919417,CC(C)(C)OC(=O)NC1C[NH+](CCCOc2ccccc2)C1,0.7778073955867026,307.414,1.2473000000000003,52.0,3.0,2.0,6.0,22.0,1.0,0.5882352941176471,c1ccc(OCCC[NH+]2CCC2)cc1,0,True,3.063098640919417,-2.6616412453327145
CC[C@@H](NC(=O)NC[C@@H]1CCOC1)C1CCCCC1,,0.8051604275294101,2.681,3.143832499010484,0.0,O=C(NCC1CCCCC1)NC[C@@H]1CCOC1,3.143832499010484,CC[C@@H](NC(=O)NC[C@@H]1CCOC1)C1CCCCC1,0.8051604275294101,268.40099999999995,2.681,50.36,2.0,2.0,5.0,19.0,0.0,0.9333333333333332,O=C(NCC1CCCCC1)NC[C@@H]1CCOC1,0,True,3.143832499010484,-2.679172071481074
CC[C@@H](CNC(=O)Nc1cccc(C)c1C)NC(=O)c1ccc(C)o1,,0.7500429242003114,3.5349600000000025,2.663037919136136,0.0,O=C(NCCNC(=O)c1ccco1)Nc1ccccc1,2.663037919136136,CC[C@@H](CNC(=O)Nc1cccc(C)c1C)NC(=O)c1ccc(C)o1,0.7500429242003114,343.42700000000013,3.5349600000000025,83.37,3.0,3.0,6.0,25.0,2.0,0.3684210526315789,O=C(NCCNC(=O)c1ccco1)Nc1ccccc1,0,True,2.663037919136136,-2.680474994935826
COc1cccc(C(=O)N2CCC(C[NH+]3CCCC3)CC2)c1,,0.9075372746406996,1.2260999999999995,3.201767587955988,0.0,O=C(c1ccccc1)N1CCC(C[NH+]2CCCC2)CC1,3.201767587955988,COc1cccc(C(=O)N2CCC(C[NH+]3CCCC3)CC2)c1,0.9075372746406996,303.42600000000004,1.2260999999999995,33.98,2.0,1.0,4.0,22.0,1.0,0.6111111111111112,O=C(c1ccccc1)N1CCC(C[NH+]2CCCC2)CC1,0,True,3.201767587955988,-2.6811803133152887
Cc1ccc(C(=O)N2CCC3(CC2)CCN(C(=O)c2ccc(F)cc2)C3)cc1,,0.7927788076689393,3.9026200000000033,2.5231254232743296,0.0,O=C(c1ccccc1)N1CCC2(CC1)CCN(C(=O)c1ccccc1)C2,2.5231254232743296,Cc1ccc(C(=O)N2CCC3(CC2)CCN(C(=O)c2ccc(F)cc2)C3)cc1,0.7927788076689393,380.463,3.9026200000000033,40.620000000000005,2.0,0.0,2.0,28.0,2.0,0.391304347826087,O=C(c1ccccc1)N1CCC2(CC1)CCN(C(=O)c1ccccc1)C2,0,True,2.5231254232743296,-2.681656615605392
Cc1ncccc1C[NH+]1CC(NC(=O)CCc2ccc(F)cc2)C1,,0.8324796419898965,1.0452199999999994,3.039433935211738,0.0,O=C(CCc1ccccc1)NC1C[NH+](Cc2cccnc2)C1,3.039433935211738,Cc1ncccc1C[NH+]1CC(NC(=O)CCc2ccc(F)cc2)C1,0.8324796419898965,328.411,1.0452199999999994,46.43,2.0,2.0,6.0,24.0,2.0,0.3684210526315789,O=C(CCc1ccccc1)NC1C[NH+](Cc2cccnc2)C1,0,True,3.039433935211738,-2.6843442932218418
CC(C)(C)OC(=O)N1CCC[C@H]1CNC(=O)C1(Cc2ccccc2)CC1,,0.8759566765786426,3.525000000000002,2.7979787142291723,0.0,O=C(NC[C@@H]1CCCN1)C1(Cc2ccccc2)CC1,2.7979787142291723,CC(C)(C)OC(=O)N1CCC[C@H]1CNC(=O)C1(Cc2ccccc2)CC1,0.8759566765786426,358.4820000000001,3.525000000000002,58.64,3.0,1.0,5.0,26.0,1.0,0.6190476190476191,O=C(NC[C@@H]1CCCN1)C1(Cc2ccccc2)CC1,0,True,2.7979787142291723,-2.684522037650531
Cc1ccccc1CC(=O)N1CC[C@@](C)(C[NH2+]Cc2ccccn2)C1,,0.8749540966882262,1.93472,3.5270523840190773,0.0,O=C(Cc1ccccc1)N1CCC(C[NH2+]Cc2ccccn2)C1,3.5270523840190773,Cc1ccccc1CC(=O)N1CC[C@@](C)(C[NH2+]Cc2ccccn2)C1,0.8749540966882262,338.475,1.93472,49.81,2.0,1.0,6.0,25.0,2.0,0.4285714285714285,O=C(Cc1ccccc1)N1CCC(C[NH2+]Cc2ccccn2)C1,0,True,3.5270523840190773,-2.684738287330851
CCn1cncc1C(=O)NCC[C@H](C)NC(=O)CCC1CCCCC1,,0.7203150308029708,2.888100000000001,2.9645694750266607,0.0,O=C(CCC1CCCCC1)NCCCNC(=O)c1cnc[nH]1,2.9645694750266607,CCn1cncc1C(=O)NCC[C@H](C)NC(=O)CCC1CCCCC1,0.7203150308029708,348.4910000000002,2.888100000000001,76.02000000000001,4.0,2.0,9.0,25.0,1.0,0.7368421052631579,O=C(CCC1CCCCC1)NCCCNC(=O)c1cnc[nH]1,0,True,2.9645694750266607,-2.6883044442236903
CCc1ncsc1CNC(=O)COC(=O)C1CC2(CCC2)C1,,0.8169190438729473,2.4452000000000007,3.282973969089721,0.0,O=C(COC(=O)C1CC2(CCC2)C1)NCc1cncs1,3.282973969089721,CCc1ncsc1CNC(=O)COC(=O)C1CC2(CCC2)C1,0.8169190438729473,322.4300000000001,2.4452000000000007,68.28999999999999,5.0,1.0,6.0,22.0,1.0,0.6875,O=C(COC(=O)C1CC2(CCC2)C1)NCc1cncs1,0,True,3.282973969089721,-2.688654925216774
CCO[C@H]1CCCN(C(=O)c2csc(C3CCCC3)n2)C1,,0.8554246986697849,3.4418000000000024,2.824045304214076,0.0,O=C(c1csc(C2CCCC2)n1)N1CCCCC1,2.824045304214076,CCO[C@H]1CCCN(C(=O)c2csc(C3CCCC3)n2)C1,0.8554246986697849,308.4470000000001,3.4418000000000024,42.43,4.0,0.0,4.0,21.0,1.0,0.75,O=C(c1csc(C2CCCC2)n1)N1CCCCC1,0,True,2.824045304214076,-2.6895206055442924
CCOC(=O)c1ccccc1C[NH+]1CCC(C(=O)Cc2ccc(F)cc2)CC1,,0.7468490323269452,2.6091000000000006,3.1337892754318952,0.0,O=C(Cc1ccccc1)C1CC[NH+](Cc2ccccc2)CC1,3.1337892754318952,CCOC(=O)c1ccccc1C[NH+]1CCC(C(=O)Cc2ccc(F)cc2)CC1,0.7468490323269452,384.4710000000001,2.6091000000000006,47.81,3.0,1.0,7.0,28.0,2.0,0.391304347826087,O=C(Cc1ccccc1)C1CC[NH+](Cc2ccccc2)CC1,0,True,3.1337892754318952,-2.6914902431049503
Cc1cccc(CCN2CC[NH+](CC(=O)NCc3cccc(F)c3)CC2)c1,,0.7683929087560767,1.1935200000000006,3.058556139352815,0.0,O=C(C[NH+]1CCN(CCc2ccccc2)CC1)NCc1ccccc1,3.058556139352815,Cc1cccc(CCN2CC[NH+](CC(=O)NCc3cccc(F)c3)CC2)c1,0.7683929087560767,370.4920000000001,1.1935200000000006,36.78,2.0,2.0,7.0,27.0,2.0,0.4090909090909091,O=C(C[NH+]1CCN(CCc2ccccc2)CC1)NCc1ccccc1,0,True,3.058556139352815,-2.693403230596738
CC[C@H](O)C[NH+]1CCN(c2ccc(-c3ccccc3)cc2)CC1,,0.8816351162088842,1.8294,3.4978162078426767,0.0,c1ccc(-c2ccc(N3CC[NH2+]CC3)cc2)cc1,3.4978162078426767,CC[C@H](O)C[NH+]1CCN(c2ccc(-c3ccccc3)cc2)CC1,0.8816351162088842,311.4490000000001,1.8294,27.910000000000004,2.0,2.0,5.0,23.0,2.0,0.4,c1ccc(-c2ccc(N3CC[NH2+]CC3)cc2)cc1,0,True,3.4978162078426767,-2.7014810916337924
CCc1ccc(C(=O)N[C@@H](C)CNC(=O)C2=CCOCC2)cn1,,0.8266925286970125,1.2251999999999996,3.1445391752541383,0.0,O=C(NCCNC(=O)c1cccnc1)C1=CCOCC1,3.1445391752541383,CCc1ccc(C(=O)N[C@@H](C)CNC(=O)C2=CCOCC2)cn1,0.8266925286970125,317.38900000000007,1.2251999999999996,80.32000000000001,4.0,2.0,6.0,23.0,1.0,0.4705882352941176,O=C(NCCNC(=O)c1cccnc1)C1=CCOCC1,0,True,3.1445391752541383,-2.705246646557126
CCOc1cccc(CNC(=O)N(Cc2ccccc2)c2ccccc2)c1,,0.6439703597759098,5.001700000000004,1.8492578021496089,0.0,O=C(NCc1ccccc1)N(Cc1ccccc1)c1ccccc1,1.8492578021496089,CCOc1cccc(CNC(=O)N(Cc2ccccc2)c2ccccc2)c1,0.6439703597759098,360.4570000000001,5.001700000000004,41.57,2.0,1.0,7.0,27.0,3.0,0.1739130434782608,O=C(NCc1ccccc1)N(Cc1ccccc1)c1ccccc1,0,True,1.8492578021496089,-2.7061374423737012
Cc1ccccc1[C@@H](C)NC(=O)c1cccc2cc[nH]c12,,0.7478490260077822,3.967320000000002,2.472602075966911,0.0,O=C(NCc1ccccc1)c1cccc2cc[nH]c12,2.472602075966911,Cc1ccccc1[C@@H](C)NC(=O)c1cccc2cc[nH]c12,0.7478490260077822,278.355,3.967320000000002,44.89,1.0,2.0,3.0,21.0,3.0,0.1666666666666666,O=C(NCc1ccccc1)c1cccc2cc[nH]c12,0,True,2.472602075966911,-2.7084130499591303
Cc1ccc(-n2nccc2C(=O)NC2CC[NH+](Cc3ccc(F)cc3)CC2)cc1,,0.6989665957475719,2.29712,3.259325361081665,0.0,O=C(NC1CC[NH+](Cc2ccccc2)CC1)c1ccnn1-c1ccccc1,3.259325361081665,Cc1ccc(-n2nccc2C(=O)NC2CC[NH+](Cc3ccc(F)cc3)CC2)cc1,0.6989665957475719,393.48600000000016,2.29712,51.36,3.0,2.0,5.0,29.0,3.0,0.3043478260869565,O=C(NC1CC[NH+](Cc2ccccc2)CC1)c1ccnn1-c1ccccc1,0,True,3.259325361081665,-2.7089187653340927
Cc1ccccc1[C@@H]1CCN(C(=O)c2cccc(-n3cccn3)c2)C1,,0.7318048181340965,3.8104200000000015,2.540147352406855,0.0,O=C(c1cccc(-n2cccn2)c1)N1CC[C@@H](c2ccccc2)C1,2.540147352406855,Cc1ccccc1[C@@H]1CCN(C(=O)c2cccc(-n3cccn3)c2)C1,0.7318048181340965,331.41900000000004,3.8104200000000015,38.13,3.0,0.0,3.0,25.0,3.0,0.238095238095238,O=C(c1cccc(-n2cccn2)c1)N1CC[C@@H](c2ccccc2)C1,0,True,2.540147352406855,-2.7135525342727593
CC(C)(C)[C@@H]1CCCN1C(=O)NCc1ccc(F)cc1F,,0.8867468640616978,3.6849000000000025,2.757898918072176,0.0,O=C(NCc1ccccc1)N1CCCC1,2.757898918072176,CC(C)(C)[C@@H]1CCCN1C(=O)NCc1ccc(F)cc1F,0.8867468640616978,296.361,3.6849000000000025,32.34,1.0,1.0,2.0,21.0,1.0,0.5625,O=C(NCc1ccccc1)N1CCCC1,0,True,2.757898918072176,-2.7136020540104795
Cc1ccc(C(=O)NCC2C[NH+](Cc3ccccc3)C2)cn1,,0.8585738836481568,0.8347199999999999,2.991912368175768,0.0,O=C(NCC1C[NH+](Cc2ccccc2)C1)c1cccnc1,2.991912368175768,Cc1ccc(C(=O)NCC2C[NH+](Cc3ccccc3)C2)cn1,0.8585738836481568,296.39400000000006,0.8347199999999999,46.43,2.0,2.0,5.0,22.0,2.0,0.3333333333333333,O=C(NCC1C[NH+](Cc2ccccc2)C1)c1cccnc1,0,True,2.991912368175768,-2.715978484527611
CCc1ccc(CN2CC[NH+](CC3CCOCC3)CC2)cc1,,0.8848689023885675,1.3761000000000003,3.29338252878439,0.0,c1ccc(CN2CC[NH+](CC3CCOCC3)CC2)cc1,3.29338252878439,CCc1ccc(CN2CC[NH+](CC3CCOCC3)CC2)cc1,0.8848689023885675,303.47,1.3761000000000003,16.91,2.0,1.0,5.0,22.0,1.0,0.6842105263157895,c1ccc(CN2CC[NH+](CC3CCOCC3)CC2)cc1,0,True,3.29338252878439,-2.7204636263958224
Cc1cccc(C(=O)NCC2C[NH+](Cc3ccc(F)cc3)C2)n1,,0.8639474454006001,0.9738199999999996,3.078127701967917,0.0,O=C(NCC1C[NH+](Cc2ccccc2)C1)c1ccccn1,3.078127701967917,Cc1cccc(C(=O)NCC2C[NH+](Cc3ccc(F)cc3)C2)n1,0.8639474454006001,314.38400000000007,0.9738199999999996,46.43,2.0,2.0,5.0,23.0,2.0,0.3333333333333333,O=C(NCC1C[NH+](Cc2ccccc2)C1)c1ccccn1,0,True,3.078127701967917,-2.7272702565673175
Cc1cccc(CCCNC(=O)N2CC[C@H](c3ccc(F)cc3)C2)c1,,0.8103102709060217,4.265820000000003,2.4081043070960018,0.0,O=C(NCCCc1ccccc1)N1CC[C@H](c2ccccc2)C1,2.4081043070960018,Cc1cccc(CCCNC(=O)N2CC[C@H](c3ccc(F)cc3)C2)c1,0.8103102709060217,340.44200000000006,4.265820000000003,32.34,1.0,1.0,5.0,25.0,2.0,0.3809523809523809,O=C(NCCCc1ccccc1)N1CC[C@H](c2ccccc2)C1,0,True,2.4081043070960018,-2.730704036189982
CC(C)(C)OC(=O)NC1C[NH+](CCc2ccccc2)C1,,0.8627744013966095,1.0209000000000006,3.1099641869998305,0.0,c1ccc(CC[NH+]2CCC2)cc1,3.1099641869998305,CC(C)(C)OC(=O)NC1C[NH+](CCc2ccccc2)C1,0.8627744013966095,277.38800000000003,1.0209000000000006,42.77,2.0,2.0,4.0,20.0,1.0,0.5625,c1ccc(CC[NH+]2CCC2)cc1,0,True,3.1099641869998305,-2.7367397856032207
Cc1sccc1C(=O)N1CC[NH+](Cc2ccccc2)CC1,,0.9149441083030552,1.5974199999999998,3.454019660785259,0.0,O=C(c1ccsc1)N1CC[NH+](Cc2ccccc2)CC1,3.454019660785259,Cc1sccc1C(=O)N1CC[NH+](Cc2ccccc2)CC1,0.9149441083030552,301.43500000000006,1.5974199999999998,24.750000000000004,2.0,1.0,3.0,21.0,2.0,0.3529411764705882,O=C(c1ccsc1)N1CC[NH+](Cc2ccccc2)CC1,0,True,3.454019660785259,-2.740365552482204
CC(C)CC(=O)NC1CC[NH+](CCc2ccccc2)CC1,,0.816179490139379,1.4387000000000003,3.2844828512014,0.0,c1ccc(CC[NH+]2CCCCC2)cc1,3.2844828512014,CC(C)CC(=O)NC1CC[NH+](CCc2ccccc2)CC1,0.816179490139379,289.44300000000004,1.4387000000000003,33.54,1.0,2.0,6.0,21.0,1.0,0.6111111111111112,c1ccc(CC[NH+]2CCCCC2)cc1,0,True,3.2844828512014,-2.7489533610620214
CCc1ccc(C(=O)NC2C[NH+](CCC3CCOCC3)C2)cc1,,0.8239150963542174,1.0626000000000002,3.1045838289178898,0.0,O=C(NC1C[NH+](CCC2CCOCC2)C1)c1ccccc1,3.1045838289178898,CCc1ccc(C(=O)NC2C[NH+](CCC3CCOCC3)C2)cc1,0.8239150963542174,317.4530000000001,1.0626000000000002,42.77,2.0,2.0,6.0,23.0,1.0,0.631578947368421,O=C(NC1C[NH+](CCC2CCOCC2)C1)c1ccccc1,0,True,3.1045838289178898,-2.7493687325636724
Cc1ccccc1C(=O)N1CCC[C@H](c2nc(-c3ccccc3)no2)C1,,0.716621668384683,4.064820000000003,2.4337671757676347,0.0,O=C(c1ccccc1)N1CCC[C@H](c2nc(-c3ccccc3)no2)C1,2.4337671757676347,Cc1ccccc1C(=O)N1CCC[C@H](c2nc(-c3ccccc3)no2)C1,0.716621668384683,347.418,4.064820000000003,59.23,4.0,0.0,3.0,26.0,3.0,0.2857142857142857,O=C(c1ccccc1)N1CCC[C@H](c2nc(-c3ccccc3)no2)C1,0,True,2.4337671757676347,-2.749555507382953
Cc1cocc1C(=O)N1CCC[C@@H]1CNC(=O)CCc1ccc2c(c1)CCO2,,0.8339148992509583,2.876520000000001,3.1455721540435606,0.0,O=C(CCc1ccc2c(c1)CCO2)NC[C@H]1CCCN1C(=O)c1ccoc1,3.1455721540435606,Cc1cocc1C(=O)N1CCC[C@@H]1CNC(=O)CCc1ccc2c(c1)CCO2,0.8339148992509583,382.46000000000015,2.876520000000001,71.78,4.0,1.0,6.0,28.0,2.0,0.4545454545454545,O=C(CCc1ccc2c(c1)CCO2)NC[C@H]1CCCN1C(=O)c1ccoc1,0,True,3.1455721540435606,-2.749917254792603
CC(C)(C)OC(=O)N1CC[NH+](Cc2ccccc2)CC1,,0.8845143337367781,1.3221999999999996,3.297314696490337,0.0,c1ccc(C[NH+]2CCNCC2)cc1,3.297314696490337,CC(C)(C)OC(=O)N1CC[NH+](Cc2ccccc2)CC1,0.8845143337367781,277.3880000000001,1.3221999999999996,33.98,2.0,1.0,2.0,20.0,1.0,0.5625,c1ccc(C[NH+]2CCNCC2)cc1,0,True,3.297314696490337,-2.7517003627535592
CC(C)(C)OC(=O)N1CC[NH+](Cc2ccccc2)CC1,,0.8845143337367781,1.3221999999999996,3.297314696490337,0.0,c1ccc(C[NH+]2CCNCC2)cc1,3.297314696490337,CC(C)(C)OC(=O)N1CC[NH+](Cc2ccccc2)CC1,0.8845143337367781,277.3880000000001,1.3221999999999996,33.98,2.0,1.0,2.0,20.0,1.0,0.5625,c1ccc(C[NH+]2CCNCC2)cc1,0,True,3.297314696490337,-2.7517003627535592
O=CN1CCC[C@@H](CNC(=O)Cc2ccccn2)C1,,0.7898855056506672,0.6086999999999994,2.846363762695624,0.0,O=C(Cc1ccccn1)NC[C@@H]1CCCNC1,2.846363762695624,O=CN1CCC[C@@H](CNC(=O)Cc2ccccn2)C1,0.7898855056506672,261.32500000000005,0.6086999999999994,62.3,3.0,1.0,5.0,19.0,1.0,0.5,O=C(Cc1ccccn1)NC[C@@H]1CCCNC1,0,True,2.846363762695624,-2.7521282570449577
CCOc1cccc(Nc2ccc(NC(=O)NCc3ccccc3)cc2)c1,,0.5452010160536052,5.150600000000003,1.7234874029285727,0.0,O=C(NCc1ccccc1)Nc1ccc(Nc2ccccc2)cc1,1.7234874029285727,CCOc1cccc(Nc2ccc(NC(=O)NCc3ccccc3)cc2)c1,0.5452010160536052,361.4450000000001,5.150600000000003,62.39,3.0,3.0,7.0,27.0,3.0,0.1363636363636363,O=C(NCc1ccccc1)Nc1ccc(Nc2ccccc2)cc1,0,True,1.7234874029285727,-2.7535863868749693
CCOC(=O)N1CCC([NH2+][C@H]2CCc3ccccc32)CC1,,0.922954595654179,1.8582,3.606257662347746,0.0,c1ccc2c(c1)CC[C@@H]2[NH2+]C1CCNCC1,3.606257662347746,CCOC(=O)N1CCC([NH2+][C@H]2CCc3ccccc32)CC1,0.922954595654179,289.3990000000001,1.8582,46.15,2.0,1.0,3.0,21.0,1.0,0.5882352941176471,c1ccc2c(c1)CC[C@@H]2[NH2+]C1CCNCC1,0,True,3.606257662347746,-2.7542030666935666
CC1CCC(CC[NH+]2CC(NC(=O)c3ccccn3)C2)CC1,,0.8609723639707301,1.2949000000000002,3.263024456087855,0.0,O=C(NC1C[NH+](CCC2CCCCC2)C1)c1ccccn1,3.263024456087855,CC1CCC(CC[NH+]2CC(NC(=O)c3ccccn3)C2)CC1,0.8609723639707301,302.4420000000002,1.2949000000000002,46.43,2.0,2.0,5.0,22.0,1.0,0.6666666666666666,O=C(NC1C[NH+](CCC2CCCCC2)C1)c1ccccn1,0,True,3.263024456087855,-2.754602092117125
Cc1ccc(NC(=O)NCCC[NH+]2CCCC2)cc1Cl,,0.7134863796826121,1.83872,3.392600005917753,0.0,O=C(NCCC[NH+]1CCCC1)Nc1ccccc1,3.392600005917753,Cc1ccc(NC(=O)NCCC[NH+]2CCCC2)cc1Cl,0.7134863796826121,296.822,1.83872,45.57,1.0,3.0,5.0,20.0,1.0,0.5333333333333333,O=C(NCCC[NH+]1CCCC1)Nc1ccccc1,0,True,3.392600005917753,-2.759753626235141
CCOc1cccc([C@@H](C)NC(=O)COc2cccc(C(F)(F)F)c2)c1,,0.7909932447993759,4.360300000000003,2.37190179115225,0.0,O=C(COc1ccccc1)NCc1ccccc1,2.37190179115225,CCOc1cccc([C@@H](C)NC(=O)COc2cccc(C(F)(F)F)c2)c1,0.7909932447993759,367.367,4.360300000000003,47.56,3.0,1.0,7.0,26.0,2.0,0.3157894736842105,O=C(COc1ccccc1)NCc1ccccc1,0,True,2.37190179115225,-2.761058546352876
COc1ccc(CC(=O)N2CCC[C@@H](C(=O)[O-])C2)cc1,,0.7888995905474645,0.2261999999999997,2.6682067783987087,0.0,O=C(Cc1ccccc1)N1CCCCC1,2.6682067783987087,COc1ccc(CC(=O)N2CCC[C@@H](C(=O)[O-])C2)cc1,0.7888995905474645,276.3119999999999,0.2261999999999997,69.67,4.0,0.0,4.0,20.0,1.0,0.4666666666666667,O=C(Cc1ccccc1)N1CCCCC1,0,True,2.6682067783987087,-2.7662071878512444
CC(C)(C)c1ncc(C(=O)N2CCC[C@H](CNC(=O)CCc3cccnc3)C2)o1,,0.8081324501745712,2.968300000000001,3.091285440845837,0.0,O=C(CCc1cccnc1)NC[C@H]1CCCN(C(=O)c2cnco2)C1,3.091285440845837,CC(C)(C)c1ncc(C(=O)N2CCC[C@H](CNC(=O)CCc3cccnc3)C2)o1,0.8081324501745712,398.5070000000002,2.968300000000001,88.33,5.0,1.0,6.0,29.0,2.0,0.5454545454545454,O=C(CCc1cccnc1)NC[C@H]1CCCN(C(=O)c2cnco2)C1,0,True,3.091285440845837,-2.767302990671266
C[C@@H]1CCCC[C@@H]1NC(=O)c1csc(-c2ccccc2)n1,,0.9261979221757716,4.1186000000000025,2.655096505277301,0.0,O=C(NC1CCCCC1)c1csc(-c2ccccc2)n1,2.655096505277301,C[C@@H]1CCCC[C@@H]1NC(=O)c1csc(-c2ccccc2)n1,0.9261979221757716,300.427,4.1186000000000025,41.99,3.0,1.0,3.0,21.0,2.0,0.4117647058823529,O=C(NC1CCCCC1)c1csc(-c2ccccc2)n1,0,True,2.655096505277301,-2.7881985831015306
COc1ccc(C[NH2+][C@H]2CCC[C@@H](NC(=O)c3cccnc3)C2)cc1,,0.8438154553631032,1.8948,3.5804233422900635,0.0,O=C(N[C@@H]1CCC[C@H]([NH2+]Cc2ccccc2)C1)c1cccnc1,3.5804233422900635,COc1ccc(C[NH2+][C@H]2CCC[C@@H](NC(=O)c3cccnc3)C2)cc1,0.8438154553631032,340.44700000000006,1.8948,67.83,3.0,2.0,6.0,25.0,2.0,0.4,O=C(N[C@@H]1CCC[C@H]([NH2+]Cc2ccccc2)C1)c1cccnc1,0,True,3.5804233422900635,-2.7892078869269605
CCCC(CC)C(=O)N1CC[C@H](NC(=O)C2=CCCC2)C1,,0.8179188556863857,2.6401000000000003,3.2872195950244523,0.0,O=C(N[C@H]1CCNC1)C1=CCCC1,3.2872195950244523,CCCC(CC)C(=O)N1CC[C@H](NC(=O)C2=CCCC2)C1,0.8179188556863857,292.4230000000001,2.6401000000000003,49.41,2.0,1.0,6.0,21.0,0.0,0.7647058823529411,O=C(N[C@H]1CCNC1)C1=CCCC1,0,True,3.2872195950244523,-2.789350739338067
CCc1ccccc1C(=O)NCC(=O)N1CC[NH+](Cc2ccccc2)CC1,,0.7984201603887502,0.906100000000001,3.043201109767016,0.0,O=C(NCC(=O)N1CC[NH+](Cc2ccccc2)CC1)c1ccccc1,3.043201109767016,CCc1ccccc1C(=O)NCC(=O)N1CC[NH+](Cc2ccccc2)CC1,0.7984201603887502,366.4850000000001,0.906100000000001,53.85,2.0,2.0,6.0,27.0,2.0,0.3636363636363636,O=C(NCC(=O)N1CC[NH+](Cc2ccccc2)CC1)c1ccccc1,0,True,3.043201109767016,-2.7917309493782656
Cc1ccccc1C(=O)NC[C@@H](C)CNC(=O)[C@H]1CCNC(=O)C1,,0.7267152069498262,1.0033199999999995,3.020374059089804,0.0,O=C1C[C@@H](C(=O)NCCCNC(=O)c2ccccc2)CCN1,3.020374059089804,Cc1ccccc1C(=O)NC[C@@H](C)CNC(=O)[C@H]1CCNC(=O)C1,0.7267152069498262,331.4160000000001,1.0033199999999995,87.30000000000001,3.0,3.0,6.0,24.0,1.0,0.5,O=C1C[C@@H](C(=O)NCCCNC(=O)c2ccccc2)CCN1,0,True,3.020374059089804,-2.791998852139978
Cc1ccc(C2(NC(=O)N3CCC[NH2+]CC3)CCC2)cc1,,0.8478548692587075,1.35292,3.3308190050475552,0.0,O=C(NC1(c2ccccc2)CCC1)N1CCC[NH2+]CC1,3.3308190050475552,Cc1ccc(C2(NC(=O)N3CCC[NH2+]CC3)CCC2)cc1,0.8478548692587075,288.415,1.35292,48.95,1.0,2.0,2.0,21.0,1.0,0.5882352941176471,O=C(NC1(c2ccccc2)CCC1)N1CCC[NH2+]CC1,0,True,3.3308190050475552,-2.8065041357888476
CC[C@H](CNC(=O)C1=COCCC1)NC(=O)[C@@H](C)c1ccccc1,,0.8070183198977597,2.4954,3.3669228670860214,0.0,O=C(Cc1ccccc1)NCCNC(=O)C1=COCCC1,3.3669228670860214,CC[C@H](CNC(=O)C1=COCCC1)NC(=O)[C@@H](C)c1ccccc1,0.8070183198977597,330.428,2.4954,67.43,3.0,2.0,7.0,24.0,1.0,0.4736842105263157,O=C(Cc1ccccc1)NCCNC(=O)C1=COCCC1,0,True,3.3669228670860214,-2.807604547188262
COC(=O)c1ccc(C(=O)NC2CC[NH+](CC(=O)Nc3ccccc3)CC2)cc1,,0.6329943298168281,0.8890000000000013,2.888423957665804,0.0,O=C(C[NH+]1CCC(NC(=O)c2ccccc2)CC1)Nc1ccccc1,2.888423957665804,COC(=O)c1ccc(C(=O)NC2CC[NH+](CC(=O)Nc3ccccc3)CC2)cc1,0.6329943298168281,396.4670000000001,0.8890000000000013,88.94,4.0,3.0,6.0,29.0,2.0,0.3181818181818182,O=C(C[NH+]1CCC(NC(=O)c2ccccc2)CC1)Nc1ccccc1,0,True,2.888423957665804,-2.8109296278489753
CC(C)(C)OC(=O)NCCC[NH+]1CCC(Cc2ccc(F)cc2)CC1,,0.7738361813904122,2.5779000000000005,3.300999148264553,0.0,c1ccc(CC2CC[NH2+]CC2)cc1,3.300999148264553,CC(C)(C)OC(=O)NCCC[NH+]1CCC(Cc2ccc(F)cc2)CC1,0.7738361813904122,351.48600000000005,2.5779000000000005,42.77,2.0,2.0,6.0,25.0,1.0,0.65,c1ccc(CC2CC[NH2+]CC2)cc1,0,True,3.300999148264553,-2.816112966874141
CCOCCC1C[C@@H]1C(=O)NC1CCN(c2cccc(C)c2)CC1,,0.7810419183652876,3.142720000000001,3.027463571394501,0.0,O=C(NC1CCN(c2ccccc2)CC1)C1CC1,3.027463571394501,CCOCCC1C[C@@H]1C(=O)NC1CCN(c2cccc(C)c2)CC1,0.7810419183652876,330.4720000000001,3.142720000000001,41.57,3.0,1.0,7.0,24.0,1.0,0.65,O=C(NC1CCN(c2ccccc2)CC1)C1CC1,0,True,3.027463571394501,-2.817781653029214
Cc1c(C(=O)NC2C[NH+](CC3CCOCC3)C2)oc2ccccc12,,0.8851561399519533,1.1647200000000002,3.2855083892743,0.0,O=C(NC1C[NH+](CC2CCOCC2)C1)c1cc2ccccc2o1,3.2855083892743,Cc1c(C(=O)NC2C[NH+](CC3CCOCC3)C2)oc2ccccc12,0.8851561399519533,329.42,1.1647200000000002,55.91,3.0,2.0,4.0,24.0,2.0,0.5263157894736842,O=C(NC1C[NH+](CC2CCOCC2)C1)c1cc2ccccc2o1,0,True,3.2855083892743,-2.8179922493223466
CCc1ccc(C(=O)NC2(NC(=O)[C@@H]3CCOC3)CCCCC2)o1,,0.8103224196925997,2.3849,3.4363385504946606,0.0,O=C(NC1(NC(=O)[C@@H]2CCOC2)CCCCC1)c1ccco1,3.4363385504946606,CCc1ccc(C(=O)NC2(NC(=O)[C@@H]3CCOC3)CCCCC2)o1,0.8103224196925997,334.41600000000017,2.3849,80.57000000000001,4.0,2.0,5.0,24.0,1.0,0.6666666666666666,O=C(NC1(NC(=O)[C@@H]2CCOC2)CCCCC1)c1ccco1,0,True,3.4363385504946606,-2.818466130802061
COc1cc(C(=O)N[C@@H]2CCC[C@H]2c2ccc(F)cc2)ccc1C,,0.9133968358116812,4.208820000000004,2.641170604642582,0.0,O=C(N[C@@H]1CCC[C@H]1c1ccccc1)c1ccccc1,2.641170604642582,COc1cc(C(=O)N[C@@H]2CCC[C@H]2c2ccc(F)cc2)ccc1C,0.9133968358116812,327.399,4.208820000000004,38.33,2.0,1.0,4.0,24.0,2.0,0.35,O=C(N[C@@H]1CCC[C@H]1c1ccccc1)c1ccccc1,0,True,2.641170604642582,-2.8321837688309026
Cc1ccc(CNC(=O)[C@]2(C)CCCSC2)c(C)c1,,0.916550408189408,3.4529400000000026,3.022645773514994,0.0,O=C(NCc1ccccc1)C1CCCSC1,3.022645773514994,Cc1ccc(CNC(=O)[C@]2(C)CCCSC2)c(C)c1,0.916550408189408,277.433,3.4529400000000026,29.1,2.0,1.0,3.0,19.0,1.0,0.5625,O=C(NCc1ccccc1)C1CCCSC1,0,True,3.022645773514994,-2.8325653653255873
CCc1nc(CNC(=O)Cc2csc(-c3ccco3)c2)cs1,,0.7449643087375206,3.885900000000003,2.638384895648296,0.0,O=C(Cc1csc(-c2ccco2)c1)NCc1cscn1,2.638384895648296,CCc1nc(CNC(=O)Cc2csc(-c3ccco3)c2)cs1,0.7449643087375206,332.45000000000005,3.885900000000003,55.13,5.0,1.0,6.0,22.0,3.0,0.25,O=C(Cc1csc(-c2ccco2)c1)NCc1cscn1,0,True,2.638384895648296,-2.8363705869107765
Cc1ccc(C)c(C[NH+]2CC(NC(=O)[C@@H]3CCCc4ccccc43)C2)c1,,0.8725615820912223,2.30684,3.5657978410483,0.0,O=C(NC1C[NH+](Cc2ccccc2)C1)[C@@H]1CCCc2ccccc21,3.5657978410483,Cc1ccc(C)c(C[NH+]2CC(NC(=O)[C@@H]3CCCc4ccccc43)C2)c1,0.8725615820912223,349.4980000000001,2.30684,33.54,1.0,2.0,4.0,26.0,2.0,0.4347826086956521,O=C(NC1C[NH+](Cc2ccccc2)C1)[C@@H]1CCCc2ccccc21,0,True,3.5657978410483,-2.8466562589570774
CC(C)(C)OC(=O)CCC[NH+]1CCN(C(=O)Nc2cccc3c2CCCC3)CC1,,0.7438163249143097,2.4197,3.382028336155372,0.0,O=C(Nc1cccc2c1CCCC2)N1CC[NH2+]CC1,3.382028336155372,CC(C)(C)OC(=O)CCC[NH+]1CCN(C(=O)Nc2cccc3c2CCCC3)CC1,0.7438163249143097,402.55900000000025,2.4197,63.080000000000005,3.0,2.0,5.0,29.0,1.0,0.6521739130434783,O=C(Nc1cccc2c1CCCC2)N1CC[NH2+]CC1,0,True,3.382028336155372,-2.848062011241063
CC(C)c1ncc(CNC(=O)C=Cc2cccc(C(F)(F)F)c2)o1,,0.8335483505032596,4.146400000000003,2.6096782585354728,0.0,O=C(C=Cc1ccccc1)NCc1cnco1,2.6096782585354728,CC(C)c1ncc(CNC(=O)C=Cc2cccc(C(F)(F)F)c2)o1,0.8335483505032596,338.329,4.146400000000003,55.13,3.0,1.0,5.0,24.0,2.0,0.2941176470588235,O=C(C=Cc1ccccc1)NCc1cnco1,0,True,2.6096782585354728,-2.8493299080322148
CCc1noc(C[NH+]2CCC(C)(Cc3ccc(F)cc3)CC2)n1,,0.9189642551337228,2.1987999999999994,3.672970542204604,0.0,c1ccc(CC2CC[NH+](Cc3ncno3)CC2)cc1,3.672970542204604,CCc1noc(C[NH+]2CCC(C)(Cc3ccc(F)cc3)CC2)n1,0.9189642551337228,318.41600000000005,2.1987999999999994,43.36,3.0,1.0,5.0,23.0,2.0,0.5555555555555556,c1ccc(CC2CC[NH+](Cc3ncno3)CC2)cc1,0,True,3.672970542204604,-2.853406287070881
Cc1cccnc1C(=O)NC[C@H](C)CNC(=O)CC1(C)CCCCC1,,0.7968318060398383,3.2326200000000016,3.036300241161934,0.0,O=C(CC1CCCCC1)NCCCNC(=O)c1ccccn1,3.036300241161934,Cc1cccnc1C(=O)NC[C@H](C)CNC(=O)CC1(C)CCCCC1,0.7968318060398383,345.48700000000025,3.2326200000000016,71.09,3.0,2.0,7.0,25.0,1.0,0.65,O=C(CC1CCCCC1)NCCCNC(=O)c1ccccn1,0,True,3.036300241161934,-2.855778435122097
C[NH+]1CCCN(C(=O)[C@H](c2ccccc2)c2ccc(Cl)cc2)CC1,,0.9077987007145658,2.2189000000000005,3.654975277080119,0.0,O=C(C(c1ccccc1)c1ccccc1)N1CCC[NH2+]CC1,3.654975277080119,C[NH+]1CCCN(C(=O)[C@H](c2ccccc2)c2ccc(Cl)cc2)CC1,0.9077987007145658,343.87800000000016,2.2189000000000005,24.75,1.0,1.0,3.0,24.0,2.0,0.35,O=C(C(c1ccccc1)c1ccccc1)N1CCC[NH2+]CC1,0,True,3.654975277080119,-2.8566265763655534
Cc1occc1C(=O)N1CC[NH+](Cc2ccccc2)CC1,,0.9178158761421202,1.1289199999999997,3.341039585123216,0.0,O=C(c1ccoc1)N1CC[NH+](Cc2ccccc2)CC1,3.341039585123216,Cc1occc1C(=O)N1CC[NH+](Cc2ccccc2)CC1,0.9178158761421202,285.3670000000001,1.1289199999999997,37.89,2.0,1.0,3.0,21.0,2.0,0.3529411764705882,O=C(c1ccoc1)N1CC[NH+](Cc2ccccc2)CC1,0,True,3.341039585123216,-2.8587637089810958
CC1(C)CC(CNC=O)C1,,0.5871732135784368,1.1686,3.0326971773264013,0.0,C1CCC1,3.0326971773264013,CC1(C)CC(CNC=O)C1,0.5871732135784368,141.21399999999997,1.1686,29.1,1.0,1.0,3.0,10.0,0.0,0.875,C1CCC1,0,True,3.0326971773264013,-2.861223963747965
CC(C)C[NH+]1CCC(C)(NC(=O)c2ccccc2)CC1,,0.8578866356233233,1.5098,3.4784743118749546,0.0,O=C(NC1CC[NH2+]CC1)c1ccccc1,3.4784743118749546,CC(C)C[NH+]1CCC(C)(NC(=O)c2ccccc2)CC1,0.8578866356233233,275.41600000000005,1.5098,33.54,1.0,2.0,4.0,20.0,1.0,0.5882352941176471,O=C(NC1CC[NH2+]CC1)c1ccccc1,0,True,3.4784743118749546,-2.865687676251631
Cc1ccc(C[NH+]2CC(NC(=O)Cc3ccccc3)C2)o1,,0.849958093334943,0.7140200000000008,3.078604389662938,0.0,O=C(Cc1ccccc1)NC1C[NH+](Cc2ccco2)C1,3.078604389662938,Cc1ccc(C[NH+]2CC(NC(=O)Cc3ccccc3)C2)o1,0.849958093334943,285.3670000000001,0.7140200000000008,46.68,2.0,2.0,5.0,21.0,2.0,0.3529411764705882,O=C(Cc1ccccc1)NC1C[NH+](Cc2ccco2)C1,0,True,3.078604389662938,-2.8716362963279947
Cc1ccc(C[NH+]2CCC(CCc3ccccc3)CC2)cc1,,0.861621838901863,3.422720000000002,3.0295302210920827,0.0,c1ccc(CCC2CC[NH+](Cc3ccccc3)CC2)cc1,3.0295302210920827,Cc1ccc(C[NH+]2CCC(CCc3ccccc3)CC2)cc1,0.861621838901863,294.46200000000005,3.422720000000002,4.44,0.0,1.0,5.0,22.0,2.0,0.4285714285714285,c1ccc(CCC2CC[NH+](Cc3ccccc3)CC2)cc1,0,True,3.0295302210920827,-2.8792683821902205
CC(C)[NH+]1CCC(NC(=O)c2cc3ccccc3[nH]2)CC1,,0.7836904136671403,1.3534,3.340744389662939,0.0,O=C(NC1CC[NH2+]CC1)c1cc2ccccc2[nH]1,3.340744389662939,CC(C)[NH+]1CCC(NC(=O)c2cc3ccccc3[nH]2)CC1,0.7836904136671403,286.39900000000006,1.3534,49.33,1.0,3.0,3.0,21.0,2.0,0.4705882352941176,O=C(NC1CC[NH2+]CC1)c1cc2ccccc2[nH]1,0,True,3.340744389662939,-2.880353975995799
CCc1cccc(C(=O)NC[C@@H]2CC[NH+](Cc3ccccc3)C2)c1,,0.838413585684544,2.0838,3.678260035799661,0.0,O=C(NC[C@@H]1CC[NH+](Cc2ccccc2)C1)c1ccccc1,3.678260035799661,CCc1cccc(C(=O)NC[C@@H]2CC[NH+](Cc3ccccc3)C2)c1,0.838413585684544,323.46,2.0838,33.54,1.0,2.0,6.0,24.0,2.0,0.3809523809523809,O=C(NC[C@@H]1CC[NH+](Cc2ccccc2)C1)c1ccccc1,0,True,3.678260035799661,-2.881746450115117
CCCC(=O)N1CCC[C@@H](C(=O)N2CCCC23CCOCC3)C1,,0.8002061362960079,2.1967000000000008,3.5863850756517106,0.0,O=C([C@@H]1CCCNC1)N1CCCC12CCOCC2,3.5863850756517106,CCCC(=O)N1CCC[C@@H](C(=O)N2CCCC23CCOCC3)C1,0.8002061362960079,322.4490000000001,2.1967000000000008,49.85000000000001,3.0,0.0,3.0,23.0,0.0,0.8888888888888888,O=C([C@@H]1CCCNC1)N1CCCC12CCOCC2,0,True,3.5863850756517106,-2.884528939355703
Cc1nc(C[NH+]2CCC(N(C)C(=O)c3cccs3)CC2)cs1,,0.9249429619408596,1.8325200000000004,3.731956324219724,0.0,O=C(NC1CC[NH+](Cc2cscn2)CC1)c1cccs1,3.731956324219724,Cc1nc(C[NH+]2CCC(N(C)C(=O)c3cccs3)CC2)cs1,0.9249429619408596,336.5060000000001,1.8325200000000004,37.64,4.0,1.0,4.0,22.0,2.0,0.5,O=C(NC1CC[NH+](Cc2cscn2)CC1)c1cccs1,0,True,3.731956324219724,-2.890753362278864
CC1(C)CC[NH+](Cc2nc(-c3cccc(Cl)c3)no2)CC1,,0.9476777499416418,2.594900000000001,3.542492081970632,0.0,c1ccc(-c2noc(C[NH+]3CCCCC3)n2)cc1,3.542492081970632,CC1(C)CC[NH+](Cc2nc(-c3cccc(Cl)c3)no2)CC1,0.9476777499416418,306.8170000000001,2.594900000000001,43.36,3.0,1.0,3.0,21.0,2.0,0.5,c1ccc(-c2noc(C[NH+]3CCCCC3)n2)cc1,0,True,3.542492081970632,-2.8922643320289905
CC(C)(C)OC(=O)N1CC[NH+](CC(=O)c2ccccc2)CC1,,0.8479459648644713,1.0048999999999997,3.249415664879064,0.0,O=C(C[NH+]1CCNCC1)c1ccccc1,3.249415664879064,CC(C)(C)OC(=O)N1CC[NH+](CC(=O)c2ccccc2)CC1,0.8479459648644713,305.3980000000001,1.0048999999999997,51.05,3.0,1.0,3.0,22.0,1.0,0.5294117647058824,O=C(C[NH+]1CCNCC1)c1ccccc1,0,True,3.249415664879064,-2.899019700014593
Cc1cccc(CC[NH+]2CC(NC(=O)c3ccc(F)cn3)C2)c1,,0.8562358322834357,0.7687199999999996,3.1442313706069704,0.0,O=C(NC1C[NH+](CCc2ccccc2)C1)c1ccccn1,3.1442313706069704,Cc1cccc(CC[NH+]2CC(NC(=O)c3ccc(F)cn3)C2)c1,0.8562358322834357,314.38400000000007,0.7687199999999996,46.43,2.0,2.0,5.0,23.0,2.0,0.3333333333333333,O=C(NC1C[NH+](CCc2ccccc2)C1)c1ccccn1,0,True,3.1442313706069704,-2.9036355383235346
Cc1ccc(-c2cc(C(=O)NCC3CC[NH+](Cc4ccccc4)CC3)on2)cc1,,0.6804578121208092,2.8749200000000013,3.151354333285932,0.0,O=C(NCC1CC[NH+](Cc2ccccc2)CC1)c1cc(-c2ccccc2)no1,3.151354333285932,Cc1ccc(-c2cc(C(=O)NCC3CC[NH+](Cc4ccccc4)CC3)on2)cc1,0.6804578121208092,390.5070000000001,2.8749200000000013,59.57,3.0,2.0,6.0,29.0,3.0,0.3333333333333333,O=C(NCC1CC[NH+](Cc2ccccc2)CC1)c1cc(-c2ccccc2)no1,0,True,3.151354333285932,-2.9083565211651234
CC(C)[NH+]1CCN(C(=O)C2(c3ccccc3)CCC2)CC1,,0.8888643220581178,1.243800000000001,3.420293946377411,0.0,O=C(N1CC[NH2+]CC1)C1(c2ccccc2)CCC1,3.420293946377411,CC(C)[NH+]1CCN(C(=O)C2(c3ccccc3)CCC2)CC1,0.8888643220581178,287.42700000000013,1.243800000000001,24.75,1.0,1.0,3.0,21.0,1.0,0.6111111111111112,O=C(N1CC[NH2+]CC1)C1(c2ccccc2)CCC1,0,True,3.420293946377411,-2.9095296243192927
Cc1ccccc1C(=O)NC1C[NH+](CCC2CCOCC2)C1,,0.8452097093032999,0.8086200000000003,3.16223984070324,0.0,O=C(NC1C[NH+](CCC2CCOCC2)C1)c1ccccc1,3.16223984070324,Cc1ccccc1C(=O)NC1C[NH+](CCC2CCOCC2)C1,0.8452097093032999,303.4260000000001,0.8086200000000003,42.77,2.0,2.0,5.0,22.0,1.0,0.6111111111111112,O=C(NC1C[NH+](CCC2CCOCC2)C1)c1ccccc1,0,True,3.16223984070324,-2.91272013139994
Cc1ccccc1C(=O)NC1C[NH+](CCC2CCOCC2)C1,,0.8452097093032999,0.8086200000000003,3.16223984070324,0.0,O=C(NC1C[NH+](CCC2CCOCC2)C1)c1ccccc1,3.16223984070324,Cc1ccccc1C(=O)NC1C[NH+](CCC2CCOCC2)C1,0.8452097093032999,303.4260000000001,0.8086200000000003,42.77,2.0,2.0,5.0,22.0,1.0,0.6111111111111112,O=C(NC1C[NH+](CCC2CCOCC2)C1)c1ccccc1,0,True,3.16223984070324,-2.91272013139994
CCc1ccc(CNC(=O)C(=O)NC[C@@H](c2cccc(C)c2)C2CC2)cc1F,,0.7187966531998313,3.622720000000002,2.824196414398589,0.0,O=C(NCc1ccccc1)C(=O)NC[C@@H](c1ccccc1)C1CC1,2.824196414398589,CCc1ccc(CNC(=O)C(=O)NC[C@@H](c2cccc(C)c2)C2CC2)cc1F,0.7187966531998313,382.47900000000016,3.622720000000002,58.2,2.0,2.0,7.0,28.0,2.0,0.391304347826087,O=C(NCc1ccccc1)C(=O)NC[C@@H](c1ccccc1)C1CC1,0,True,2.824196414398589,-2.9167597611987586
CC(C)(C)OC(=O)NC(C)(C)N1CC[NH+](Cc2ccccc2)CC1,,0.8800489254741135,1.647900000000001,3.6248908459480607,0.0,c1ccc(C[NH+]2CCNCC2)cc1,3.6248908459480607,CC(C)(C)OC(=O)NC(C)(C)N1CC[NH+](Cc2ccccc2)CC1,0.8800489254741135,334.48400000000004,1.647900000000001,46.01,3.0,2.0,4.0,24.0,1.0,0.631578947368421,c1ccc(C[NH+]2CCNCC2)cc1,0,True,3.6248908459480607,-2.9208919204739465
CCOC(=O)c1cccc(C(=O)N2CCC(CC[NH+]3CCOCC3)CC2)c1,,0.7545466715507029,1.0207000000000015,3.1857969677551816,0.0,O=C(c1ccccc1)N1CCC(CC[NH+]2CCOCC2)CC1,3.1857969677551816,CCOC(=O)c1cccc(C(=O)N2CCC(CC[NH+]3CCOCC3)CC2)c1,0.7545466715507029,375.4890000000002,1.0207000000000015,60.28,4.0,1.0,6.0,27.0,1.0,0.6190476190476191,O=C(c1ccccc1)N1CCC(CC[NH+]2CCOCC2)CC1,0,True,3.1857969677551816,-2.920900296204478
CC(C)(C)OC(=O)N1CC[C@@](C)(NC(=O)c2cccc(C(F)(F)F)n2)C1,,0.8640334526364688,3.229700000000002,3.1759486138947244,0.0,O=C(NC1CCNC1)c1ccccn1,3.1759486138947244,CC(C)(C)OC(=O)N1CC[C@@](C)(NC(=O)c2cccc(C(F)(F)F)n2)C1,0.8640334526364688,373.37500000000006,3.229700000000002,71.53,4.0,1.0,2.0,26.0,1.0,0.5882352941176471,O=C(NC1CCNC1)c1ccccn1,0,True,3.1759486138947244,-2.9267651612582566
CC[NH+]1CC(CNC(=O)c2cccc(Cl)c2C)C1,,0.8356063361019073,0.91282,3.221363306682653,0.0,O=C(NCC1C[NH2+]C1)c1ccccc1,3.221363306682653,CC[NH+]1CC(CNC(=O)c2cccc(Cl)c2C)C1,0.8356063361019073,267.78000000000003,0.91282,33.54,1.0,2.0,4.0,18.0,1.0,0.5,O=C(NCC1C[NH2+]C1)c1ccccc1,0,True,3.221363306682653,-2.9293469705807453
Cc1ccc(C(=O)Nc2ccc(C(=O)N3CC[C@@H](c4ccccc4)C3)cc2)cc1,,0.6971104346286576,4.877020000000004,2.19852238804498,0.0,O=C(Nc1ccc(C(=O)N2CC[C@@H](c3ccccc3)C2)cc1)c1ccccc1,2.19852238804498,Cc1ccc(C(=O)Nc2ccc(C(=O)N3CC[C@@H](c4ccccc4)C3)cc2)cc1,0.6971104346286576,384.479,4.877020000000004,49.41,2.0,1.0,4.0,29.0,3.0,0.2,O=C(Nc1ccc(C(=O)N2CC[C@@H](c3ccccc3)C2)cc1)c1ccccc1,0,True,2.19852238804498,-2.9399219534163246
COc1ccccc1C(=O)N1CCC([NH+]2CCCC2)CC1,,0.8998423535791794,0.9784999999999996,3.3296675800790805,0.0,O=C(c1ccccc1)N1CCC([NH+]2CCCC2)CC1,3.3296675800790805,COc1ccccc1C(=O)N1CCC([NH+]2CCCC2)CC1,0.8998423535791794,289.39900000000006,0.9784999999999996,33.98,2.0,1.0,3.0,21.0,1.0,0.5882352941176471,O=C(c1ccccc1)N1CCC([NH+]2CCCC2)CC1,0,True,3.3296675800790805,-2.9405752264999014
COc1cccc(-c2ccc(NC(=O)CCCCC(=O)NCc3ccccc3)cc2)c1,,0.4477538984709912,5.177500000000004,1.8003790882177793,0.0,O=C(CCCCC(=O)Nc1ccc(-c2ccccc2)cc1)NCc1ccccc1,1.8003790882177793,COc1cccc(-c2ccc(NC(=O)CCCCC(=O)NCc3ccccc3)cc2)c1,0.4477538984709912,416.521,5.177500000000004,67.42999999999999,3.0,2.0,10.0,31.0,3.0,0.2307692307692307,O=C(CCCCC(=O)Nc1ccc(-c2ccccc2)cc1)NCc1ccccc1,0,True,1.8003790882177793,-2.9413751897467897
CC(C)c1occc1C(=O)N1CC[C@@](O)(CNC(=O)[C@@H]2CC2(C)C)C1,,0.853970591866906,2.1423,3.726648748452087,0.0,O=C(NCC1CCN(C(=O)c2ccoc2)C1)C1CC1,3.726648748452087,CC(C)c1occc1C(=O)N1CC[C@@](O)(CNC(=O)[C@@H]2CC2(C)C)C1,0.853970591866906,348.4430000000001,2.1423,82.78,4.0,2.0,5.0,25.0,1.0,0.6842105263157895,O=C(NCC1CCN(C(=O)c2ccoc2)C1)C1CC1,0,True,3.726648748452087,-2.943828156585181
CCc1occc1C(=O)NC1C[NH+](Cc2cccc(F)c2)C1,,0.8711461124793207,1.1781999999999997,3.406051396888989,0.0,O=C(NC1C[NH+](Cc2ccccc2)C1)c1ccoc1,3.406051396888989,CCc1occc1C(=O)NC1C[NH+](Cc2cccc(F)c2)C1,0.8711461124793207,303.357,1.1781999999999997,46.68,2.0,2.0,5.0,22.0,2.0,0.3529411764705882,O=C(NC1C[NH+](Cc2ccccc2)C1)c1ccoc1,0,True,3.406051396888989,-2.9458052844096687
CCOC(=O)C1CC[NH+](Cc2ccccc2OC)CC1,,0.8186040538150544,1.0532000000000006,3.2941975767679565,0.0,c1ccc(C[NH+]2CCCCC2)cc1,3.2941975767679565,CCOC(=O)C1CC[NH+](Cc2ccccc2OC)CC1,0.8186040538150544,278.37200000000007,1.0532000000000006,39.97,3.0,1.0,5.0,20.0,1.0,0.5625,c1ccc(C[NH+]2CCCCC2)cc1,0,True,3.2941975767679565,-2.948993522952902
CN(C)c1cccc(C(=O)NC2C[NH+](CCCC3CC3)C2)c1,,0.786423150660346,0.9397000000000008,3.214598262609204,0.0,O=C(NC1C[NH+](CCCC2CC2)C1)c1ccccc1,3.214598262609204,CN(C)c1cccc(C(=O)NC2C[NH+](CCCC3CC3)C2)c1,0.786423150660346,302.44200000000006,0.9397000000000008,36.78,2.0,2.0,7.0,22.0,1.0,0.6111111111111112,O=C(NC1C[NH+](CCCC2CC2)C1)c1ccccc1,0,True,3.214598262609204,-2.9583251119488576
COC(=O)[C@H](NC(=O)c1ccc(-c2ccc(N(C)C)cc2)cc1)c1cccc(F)c1,,0.6235231736512377,4.202800000000003,2.4832435871740337,0.0,O=C(NCc1ccccc1)c1ccc(-c2ccccc2)cc1,2.4832435871740337,COC(=O)[C@H](NC(=O)c1ccc(-c2ccc(N(C)C)cc2)cc1)c1cccc(F)c1,0.6235231736512377,406.4570000000001,4.202800000000003,58.64,4.0,1.0,6.0,30.0,3.0,0.1666666666666666,O=C(NCc1ccccc1)c1ccc(-c2ccccc2)cc1,0,True,2.4832435871740337,-2.9611204135227975
Cc1cccc(-c2nnc(NC(=O)[C@@H]3CCC[NH2+]C3)s2)c1,,0.900731301515936,1.4254199999999997,3.5745976371270647,0.0,O=C(Nc1nnc(-c2ccccc2)s1)[C@@H]1CCC[NH2+]C1,3.5745976371270647,Cc1cccc(-c2nnc(NC(=O)[C@@H]3CCC[NH2+]C3)s2)c1,0.900731301515936,303.411,1.4254199999999997,71.49000000000001,4.0,2.0,3.0,21.0,2.0,0.4,O=C(Nc1nnc(-c2ccccc2)s1)[C@@H]1CCC[NH2+]C1,0,True,3.5745976371270647,-2.9611563356111286
CCCC[NH+]1CCC(C)(NC(=O)CCc2cccs2)CC1,,0.7938297503910073,2.0344000000000007,3.740111312739861,0.0,O=C(CCc1cccs1)NC1CC[NH2+]CC1,3.740111312739861,CCCC[NH+]1CCC(C)(NC(=O)CCc2cccs2)CC1,0.7938297503910073,309.499,2.0344000000000007,33.54,2.0,2.0,7.0,21.0,1.0,0.7058823529411765,O=C(CCc1cccs1)NC1CC[NH2+]CC1,0,True,3.740111312739861,-2.963481562348854
Cc1ccc(C(=O)NC2C[NH+](C[C@@H](C)c3ccc(F)cc3)C2)cn1,,0.8698193344780264,1.3297199999999996,3.4994196866200538,0.0,O=C(NC1C[NH+](CCc2ccccc2)C1)c1cccnc1,3.4994196866200538,Cc1ccc(C(=O)NC2C[NH+](C[C@@H](C)c3ccc(F)cc3)C2)cn1,0.8698193344780264,328.41100000000006,1.3297199999999996,46.43,2.0,2.0,5.0,24.0,2.0,0.3684210526315789,O=C(NC1C[NH+](CCc2ccccc2)C1)c1cccnc1,0,True,3.4994196866200538,-2.9647403521420275
CC[C@@H](C)C(=O)N1CCC(C[NH+]2CCN(c3ccccc3)CC2)CC1,,0.8801232515256382,1.6762000000000012,3.684636999403693,0.0,c1ccc(N2CC[NH+](CC3CCNCC3)CC2)cc1,3.684636999403693,CC[C@@H](C)C(=O)N1CCC(C[NH+]2CCN(c3ccccc3)CC2)CC1,0.8801232515256382,344.5230000000002,1.6762000000000012,27.99,2.0,1.0,5.0,25.0,1.0,0.6666666666666666,c1ccc(N2CC[NH+](CC3CCNCC3)CC2)cc1,0,True,3.684636999403693,-2.966413747878054
Cc1cccc(C(=O)NC[C@@H](C)CNC(=O)C[C@@H](C)c2cncc(C)c2)c1,,0.7513384720081908,3.374340000000002,3.043878468372938,0.0,O=C(CCc1cccnc1)NCCCNC(=O)c1ccccc1,3.043878468372938,Cc1cccc(C(=O)NC[C@@H](C)CNC(=O)C[C@@H](C)c2cncc(C)c2)c1,0.7513384720081908,367.4930000000001,3.374340000000002,71.09,3.0,2.0,8.0,27.0,2.0,0.4090909090909091,O=C(CCc1cccnc1)NCCCNC(=O)c1ccccc1,0,True,3.043878468372938,-2.979709996364748
Cc1conc1C,,0.4872044921300356,1.29144,3.113481886119221,0.0,c1cnoc1,3.113481886119221,Cc1conc1C,0.4872044921300356,97.117,1.29144,26.03,2.0,0.0,0.0,7.0,1.0,0.4,c1cnoc1,0,True,3.113481886119221,-2.9805573939891854
COc1cccc(C(=O)NCC2C[NH+](CC3CCCCC3)C2)n1,,0.819837824164863,0.9149999999999998,3.26294396877803,0.0,O=C(NCC1C[NH+](CC2CCCCC2)C1)c1ccccn1,3.26294396877803,COc1cccc(C(=O)NCC2C[NH+](CC3CCCCC3)C2)n1,0.819837824164863,318.4410000000001,0.9149999999999998,55.66,3.0,2.0,6.0,23.0,1.0,0.6666666666666666,O=C(NCC1C[NH+](CC2CCCCC2)C1)c1ccccn1,0,True,3.26294396877803,-2.985606144613167
CC[C@H](C)C[NH+]1CCC(C(=O)NCc2ccccc2)CC1,,0.8200617593458428,1.6438000000000008,3.633285922120759,0.0,O=C(NCc1ccccc1)C1CC[NH2+]CC1,3.633285922120759,CC[C@H](C)C[NH+]1CCC(C(=O)NCc2ccccc2)CC1,0.8200617593458428,289.4430000000001,1.6438000000000008,33.54,1.0,2.0,6.0,21.0,1.0,0.6111111111111112,O=C(NCc1ccccc1)C1CC[NH2+]CC1,0,True,3.633285922120759,-2.991324162774916
C[C@@H](Cc1ccccc1)OCNC(=O)c1cccc(NC(=O)c2ccccc2)c1,,0.5663457651120262,4.274000000000003,2.4288152451878364,0.0,O=C(NCOCCc1ccccc1)c1cccc(NC(=O)c2ccccc2)c1,2.4288152451878364,C[C@@H](Cc1ccccc1)OCNC(=O)c1cccc(NC(=O)c2ccccc2)c1,0.5663457651120262,388.467,4.274000000000003,67.43,3.0,2.0,8.0,29.0,3.0,0.1666666666666666,O=C(NCOCCc1ccccc1)c1cccc(NC(=O)c2ccccc2)c1,0,True,2.4288152451878364,-2.9994694800758115
Cc1cccc(C(=O)NC2CC[NH+](Cc3ccccc3)C2)c1,,0.8821128710035475,1.5822199999999995,3.673271536798597,0.0,O=C(NC1CC[NH+](Cc2ccccc2)C1)c1ccccc1,3.673271536798597,Cc1cccc(C(=O)NC2CC[NH+](Cc3ccccc3)C2)c1,0.8821128710035475,295.40600000000006,1.5822199999999995,33.54,1.0,2.0,4.0,22.0,2.0,0.3157894736842105,O=C(NC1CC[NH+](Cc2ccccc2)C1)c1ccccc1,0,True,3.673271536798597,-3.00004866579505
CC[NH+](CC)[C@@H]1CCCN(C(=O)C2(c3ccc(F)cc3)CCC2)C1,,0.8775076703009826,2.1631,3.798083291671718,0.0,O=C(N1CCCCC1)C1(c2ccccc2)CCC1,3.798083291671718,CC[NH+](CC)[C@@H]1CCCN(C(=O)C2(c3ccc(F)cc3)CCC2)C1,0.8775076703009826,333.4710000000001,2.1631,24.75,1.0,1.0,5.0,24.0,1.0,0.65,O=C(N1CCCCC1)C1(c2ccccc2)CCC1,0,True,3.798083291671718,-3.0021256213707352
CCc1ccc(C(=O)N2CC[NH+](C3CCCN(C(=O)OC(C)(C)C)CC3)CC2)cc1,,0.8232075673264511,2.3793000000000006,3.637559521239967,0.0,O=C(c1ccccc1)N1CC[NH+](C2CCCNCC2)CC1,3.637559521239967,CCc1ccc(C(=O)N2CC[NH+](C3CCCN(C(=O)OC(C)(C)C)CC3)CC2)cc1,0.8232075673264511,416.5860000000002,2.3793000000000006,54.290000000000006,3.0,1.0,3.0,30.0,1.0,0.6666666666666666,O=C(c1ccccc1)N1CC[NH+](C2CCCNCC2)CC1,0,True,3.637559521239967,-3.0040019539135163
COc1ccc(C(=O)NC2C[NH+](CC3CCCCC3)C2)cn1,,0.8404574104184945,0.6674,3.191316763780163,0.0,O=C(NC1C[NH+](CC2CCCCC2)C1)c1cccnc1,3.191316763780163,COc1ccc(C(=O)NC2C[NH+](CC3CCCCC3)C2)cn1,0.8404574104184945,304.41400000000004,0.6674,55.66,3.0,2.0,5.0,22.0,1.0,0.6470588235294118,O=C(NC1C[NH+](CC2CCCCC2)C1)c1cccnc1,0,True,3.191316763780163,-3.0171593533616687
C[C@@H]1CN(C(=O)NC[C@H]2CCCSC2)CC(C)(C)O1,,0.846946666818763,2.3385000000000007,3.695143975458564,0.0,O=C(NC[C@H]1CCCSC1)N1CCOCC1,3.695143975458564,C[C@@H]1CN(C(=O)NC[C@H]2CCCSC2)CC(C)(C)O1,0.846946666818763,286.441,2.3385000000000007,41.57000000000001,3.0,1.0,2.0,19.0,0.0,0.9285714285714286,O=C(NC[C@H]1CCCSC1)N1CCOCC1,0,True,3.695143975458564,-3.0174473086398015
Cc1ccc(C(=O)NC[C@@H]2CCCC[C@@H]2c2ccccc2)o1,,0.9142943474060052,4.291820000000003,2.786648219490905,0.0,O=C(NC[C@@H]1CCCC[C@@H]1c1ccccc1)c1ccco1,2.786648219490905,Cc1ccc(C(=O)NC[C@@H]2CCCC[C@@H]2c2ccccc2)o1,0.9142943474060052,297.398,4.291820000000003,42.24,2.0,1.0,4.0,22.0,2.0,0.4210526315789473,O=C(NC[C@@H]1CCCC[C@@H]1c1ccccc1)c1ccco1,0,True,2.786648219490905,-3.0182638720849013
COC(=O)C1CC[NH+](CCC(=O)NCc2ccc(Cl)c(C)c2)CC1,,0.7534949909417662,1.12262,3.335323963576701,0.0,O=C(CC[NH+]1CCCCC1)NCc1ccccc1,3.335323963576701,COC(=O)C1CC[NH+](CCC(=O)NCc2ccc(Cl)c(C)c2)CC1,0.7534949909417662,353.8700000000001,1.12262,59.84,3.0,2.0,6.0,24.0,1.0,0.5555555555555556,O=C(CC[NH+]1CCCCC1)NCc1ccccc1,0,True,3.335323963576701,-3.0205189726349344
CC(C)CC[C@H]1CCN(C(=O)[C@H]2CCc3ccccc3O2)C1,,0.8490510464158707,3.664900000000003,3.040078061523872,0.0,O=C([C@H]1CCc2ccccc2O1)N1CCCC1,3.040078061523872,CC(C)CC[C@H]1CCN(C(=O)[C@H]2CCc3ccccc3O2)C1,0.8490510464158707,301.43000000000006,3.664900000000003,29.540000000000003,2.0,0.0,4.0,22.0,1.0,0.631578947368421,O=C([C@H]1CCc2ccccc2O1)N1CCCC1,0,True,3.040078061523872,-3.0234770151080026
Cc1cc(Cl)ccc1C(=O)NC[C@@H](C)C[NH+]1CCCCC1,,0.8577335807237199,2.08312,3.844084109865218,0.0,O=C(NCCC[NH+]1CCCCC1)c1ccccc1,3.844084109865218,Cc1cc(Cl)ccc1C(=O)NC[C@@H](C)C[NH+]1CCCCC1,0.8577335807237199,309.86100000000016,2.08312,33.54,1.0,2.0,5.0,21.0,1.0,0.5882352941176471,O=C(NCCC[NH+]1CCCCC1)c1ccccc1,0,True,3.844084109865218,-3.027910529141498
Cc1ccc(CCC[NH+]2CC(NC(=O)c3ccc[nH]3)C2)cc1,,0.7306538236564059,0.9528200000000012,3.236198082461482,0.0,O=C(NC1C[NH+](CCCc2ccccc2)C1)c1ccc[nH]1,3.236198082461482,Cc1ccc(CCC[NH+]2CC(NC(=O)c3ccc[nH]3)C2)cc1,0.7306538236564059,298.4100000000001,0.9528200000000012,49.33,1.0,3.0,6.0,22.0,2.0,0.3888888888888889,O=C(NC1C[NH+](CCCc2ccccc2)C1)c1ccc[nH]1,0,True,3.236198082461482,-3.029134258805075
CCCCNC(=O)N1CC[NH+](Cc2ccccc2)CC1,,0.7703304728910958,0.8968000000000005,3.253450012898069,0.0,c1ccc(C[NH+]2CCNCC2)cc1,3.253450012898069,CCCCNC(=O)N1CC[NH+](Cc2ccccc2)CC1,0.7703304728910958,276.40400000000005,0.8968000000000005,36.78,1.0,2.0,5.0,20.0,1.0,0.5625,c1ccc(C[NH+]2CCNCC2)cc1,0,True,3.253450012898069,-3.0347195400069724
CC[C@H](C)C[NH+]1CC(NC(=O)c2cccc3ncccc23)C1,,0.8733127729161948,1.2778,3.54977134125748,0.0,O=C(NC1C[NH2+]C1)c1cccc2ncccc12,3.54977134125748,CC[C@H](C)C[NH+]1CC(NC(=O)c2cccc3ncccc23)C1,0.8733127729161948,298.4100000000001,1.2778,46.43,2.0,2.0,5.0,22.0,2.0,0.4444444444444444,O=C(NC1C[NH2+]C1)c1cccc2ncccc12,0,True,3.54977134125748,-3.037558568341285
COc1ccc(C[NH+]2CCC(NC(=O)c3ccc(F)cc3)C2)cc1,,0.8712770392414414,1.4214999999999998,3.626078956009885,0.0,O=C(NC1CC[NH+](Cc2ccccc2)C1)c1ccccc1,3.626078956009885,COc1ccc(C[NH+]2CCC(NC(=O)c3ccc(F)cc3)C2)cc1,0.8712770392414414,329.3950000000001,1.4214999999999998,42.77,2.0,2.0,5.0,24.0,2.0,0.3157894736842105,O=C(NC1CC[NH+](Cc2ccccc2)C1)c1ccccc1,0,True,3.626078956009885,-3.044051916768444
Cc1cc(C[NH+]2CC(NC(=O)CCc3ccccc3)C2)no1,,0.8165772270972115,0.4991200000000011,3.1141629176263166,0.0,O=C(CCc1ccccc1)NC1C[NH+](Cc2ccon2)C1,3.1141629176263166,Cc1cc(C[NH+]2CC(NC(=O)CCc3ccccc3)C2)no1,0.8165772270972115,300.38200000000006,0.4991200000000011,59.57,3.0,2.0,6.0,22.0,2.0,0.4117647058823529,O=C(CCc1ccccc1)NC1C[NH+](Cc2ccon2)C1,0,True,3.1141629176263166,-3.0480256905291045
Cc1ccc(C(=O)NC[C@H](C)CNC(=O)[C@@H]2CC23CCC3)c(C)n1,,0.8415428639130313,2.37074,3.709461108717021,0.0,O=C(NCCCNC(=O)[C@@H]1CC12CCC2)c1cccnc1,3.709461108717021,Cc1ccc(C(=O)NC[C@H](C)CNC(=O)[C@@H]2CC23CCC3)c(C)n1,0.8415428639130313,329.4440000000002,2.37074,71.09,3.0,2.0,6.0,24.0,1.0,0.631578947368421,O=C(NCCCNC(=O)[C@@H]1CC12CCC2)c1cccnc1,0,True,3.709461108717021,-3.0532882448039897
COC(=O)[C@H]1CCC[NH+]1Cc1cccc(Oc2ccccc2)c1,,0.8605554325228753,2.1992,3.8144553105076016,0.0,c1ccc(Oc2cccc(C[NH+]3CCCC3)c2)cc1,3.8144553105076016,COC(=O)[C@H]1CCC[NH+]1Cc1cccc(Oc2ccccc2)c1,0.8605554325228753,312.389,2.1992,39.97,3.0,1.0,5.0,23.0,2.0,0.3157894736842105,c1ccc(Oc2cccc(C[NH+]3CCCC3)c2)cc1,0,True,3.8144553105076016,-3.053499877984726
CCc1ccc(C[NH+]2CC(NC(=O)C3CCOCC3)C2)cc1,,0.8345711768756787,0.5589000000000017,3.167784895648296,0.0,O=C(NC1C[NH+](Cc2ccccc2)C1)C1CCOCC1,3.167784895648296,CCc1ccc(C[NH+]2CC(NC(=O)C3CCOCC3)C2)cc1,0.8345711768756787,303.42600000000004,0.5589000000000017,42.77,2.0,2.0,5.0,22.0,1.0,0.6111111111111112,O=C(NC1C[NH+](Cc2ccccc2)C1)C1CCOCC1,0,True,3.167784895648296,-3.0537637187726165
Cc1ccc(-c2csc(NC(=O)C(=O)N(C)C3CC[NH+](Cc4ccccc4)CC3)n2)cc1,,0.5889320133054903,2.762920000000001,3.2630824781818912,0.0,O=C(Nc1nc(-c2ccccc2)cs1)C(=O)NC1CC[NH+](Cc2ccccc2)CC1,3.2630824781818912,Cc1ccc(-c2csc(NC(=O)C(=O)N(C)C3CC[NH+](Cc4ccccc4)CC3)n2)cc1,0.5889320133054903,449.60000000000025,2.762920000000001,66.74000000000001,4.0,2.0,5.0,32.0,3.0,0.32,O=C(Nc1nc(-c2ccccc2)cs1)C(=O)NC1CC[NH+](Cc2ccccc2)CC1,0,True,3.2630824781818912,-3.0556104648764015
CCCNC(=O)N1CCC([NH+](C)Cc2cccc(F)c2)CC1,,0.8480830660054756,1.4244,3.616074318924975,0.0,c1ccc(C[NH2+]C2CCNCC2)cc1,3.616074318924975,CCCNC(=O)N1CCC([NH+](C)Cc2cccc(F)c2)CC1,0.8480830660054756,308.4210000000001,1.4244,36.78,1.0,2.0,5.0,22.0,1.0,0.5882352941176471,c1ccc(C[NH2+]C2CCNCC2)cc1,0,True,3.616074318924975,-3.0557912529194993
CC(C)(C)OC(=O)N1CCC([NH3+])CC1,,0.6246012162906199,0.6277999999999997,3.0030098996214525,0.0,C1CCNCC1,3.0030098996214525,CC(C)(C)OC(=O)N1CCC([NH3+])CC1,0.6246012162906199,201.29,0.6277999999999997,57.18,2.0,1.0,0.0,14.0,0.0,0.9,C1CCNCC1,0,True,3.0030098996214525,-3.064508683330833
CCc1[nH]cnc1C(=O)NC1C[NH+](CCCCCc2ccccc2)C1,,0.6036142096350466,1.3820000000000008,3.3660089284843338,0.0,O=C(NC1C[NH+](CCCCCc2ccccc2)C1)c1c[nH]cn1,3.3660089284843338,CCc1[nH]cnc1C(=O)NC1C[NH+](CCCCCc2ccccc2)C1,0.6036142096350466,341.479,1.3820000000000008,62.22,2.0,3.0,9.0,25.0,2.0,0.5,O=C(NC1C[NH+](CCCCCc2ccccc2)C1)c1c[nH]cn1,0,True,3.3660089284843338,-3.071394718849287
CC(C)(C)C(=O)N1CC[NH+](Cc2ccc(F)cc2)CC1,,0.8613383089341842,1.0989000000000002,3.485320830356472,0.0,c1ccc(C[NH+]2CCNCC2)cc1,3.485320830356472,CC(C)(C)C(=O)N1CC[NH+](Cc2ccc(F)cc2)CC1,0.8613383089341842,279.3790000000001,1.0989000000000002,24.750000000000004,1.0,1.0,2.0,20.0,1.0,0.5625,c1ccc(C[NH+]2CCNCC2)cc1,0,True,3.485320830356472,-3.074532521422288
Cc1ccccc1C(=O)N1CC(O)(C[NH+](C)Cc2ccccc2)C1,,0.8577929102584846,0.89682,3.3924302491918112,0.0,O=C(c1ccccc1)N1CC(C[NH2+]Cc2ccccc2)C1,3.3924302491918112,Cc1ccccc1C(=O)N1CC(O)(C[NH+](C)Cc2ccccc2)C1,0.8577929102584846,325.432,0.89682,44.98,2.0,2.0,5.0,24.0,2.0,0.35,O=C(c1ccccc1)N1CC(C[NH2+]Cc2ccccc2)C1,0,True,3.3924302491918112,-3.086227338933327
CC(C)(C)OC(=O)CCCCC(=O)NCc1cccc(Oc2ccc(F)cc2)c1,,0.4669294859077884,5.136300000000005,1.9940529557092568,0.0,c1ccc(Oc2ccccc2)cc1,1.9940529557092568,CC(C)(C)OC(=O)CCCCC(=O)NCc1cccc(Oc2ccc(F)cc2)c1,0.4669294859077884,401.47800000000007,5.136300000000005,64.63000000000001,4.0,1.0,9.0,29.0,2.0,0.391304347826087,c1ccc(Oc2ccccc2)cc1,0,True,1.9940529557092568,-3.095273469801471
Cc1ccc(-c2csc(NC(=O)C(=O)N3CCC([NH+]4CCN(c5cccc(F)c5)CC4)CC3)n2)cc1,,0.5319388149880111,2.59222,3.3320621390491016,0.0,O=C(Nc1nc(-c2ccccc2)cs1)C(=O)N1CCC([NH+]2CCN(c3ccccc3)CC2)CC1,3.3320621390491016,Cc1ccc(-c2csc(NC(=O)C(=O)N3CCC([NH+]4CCN(c5cccc(F)c5)CC4)CC3)n2)cc1,0.5319388149880111,508.6430000000003,2.59222,69.98,5.0,2.0,4.0,36.0,3.0,0.3703703703703703,O=C(Nc1nc(-c2ccccc2)cs1)C(=O)N1CCC([NH+]2CCN(c3ccccc3)CC2)CC1,0,True,3.3320621390491016,-3.0962333240610906
CC[C@@H](C)C(=O)N1CC[NH+](Cc2cccc(-c3ccc(F)cc3)c2)CC1,,0.8764571874245938,2.765900000000002,3.590692851443311,0.0,c1ccc(-c2cccc(C[NH+]3CCNCC3)c2)cc1,3.590692851443311,CC[C@@H](C)C(=O)N1CC[NH+](Cc2cccc(-c3ccc(F)cc3)c2)CC1,0.8764571874245938,355.4770000000001,2.765900000000002,24.750000000000004,1.0,1.0,5.0,26.0,2.0,0.4090909090909091,c1ccc(-c2cccc(C[NH+]3CCNCC3)c2)cc1,0,True,3.590692851443311,-3.0971856640187183
CCc1oc(C)cc1C(=O)N1CCC[C@H]1c1nccs1,,0.8676052743934076,3.584220000000003,3.178932226634683,0.0,O=C(c1ccoc1)N1CCC[C@H]1c1nccs1,3.178932226634683,CCc1oc(C)cc1C(=O)N1CCC[C@H]1c1nccs1,0.8676052743934076,290.388,3.584220000000003,46.34,4.0,0.0,3.0,20.0,2.0,0.4666666666666667,O=C(c1ccoc1)N1CCC[C@H]1c1nccs1,0,True,3.178932226634683,-3.103436952241277
Cc1cccc(C(=O)N[C@@H]2CC[C@H]3CCN(C(=O)OC(C)(C)C)[C@@H]3C2)n1,,0.8793739612284328,3.297920000000002,3.3361779389946857,0.0,O=C(N[C@@H]1CC[C@H]2CCN[C@@H]2C1)c1ccccn1,3.3361779389946857,Cc1cccc(C(=O)N[C@@H]2CC[C@H]3CCN(C(=O)OC(C)(C)C)[C@@H]3C2)n1,0.8793739612284328,359.47000000000014,3.297920000000002,71.53,4.0,1.0,2.0,26.0,1.0,0.65,O=C(N[C@@H]1CC[C@H]2CCN[C@@H]2C1)c1ccccn1,0,True,3.3361779389946857,-3.105763977766254
CN1Cc2ccccc2Oc2ccc(cc2)CNC(=O)C1=O,,0.7571355134859018,2.0670999999999995,3.830904209366308,0.0,O=C1NCc2ccc(cc2)Oc2ccccc2CNC1=O,3.830904209366308,CN1Cc2ccccc2Oc2ccc(cc2)CNC(=O)C1=O,0.7571355134859018,296.326,2.0670999999999995,58.64,3.0,1.0,0.0,22.0,2.0,0.1764705882352941,O=C1NCc2ccc(cc2)Oc2ccccc2CNC1=O,0,True,3.830904209366308,-3.107318695880406
Cc1cc(Br)cc(C(=O)N2CCC([NH+]3CCOCC3)CC2)c1,,0.8535479100432879,1.2772199999999994,3.603705774769175,0.0,O=C(c1ccccc1)N1CCC([NH+]2CCOCC2)CC1,3.603705774769175,Cc1cc(Br)cc(C(=O)N2CCC([NH+]3CCOCC3)CC2)c1,0.8535479100432879,368.2950000000003,1.2772199999999994,33.980000000000004,2.0,1.0,2.0,22.0,1.0,0.5882352941176471,O=C(c1ccccc1)N1CCC([NH+]2CCOCC2)CC1,0,True,3.603705774769175,-3.111547864725887
CC(C)[NH+](Cc1ccc(NC(=O)Nc2ccccc2)cc1)C1CC1,,0.7500549817312033,3.2863000000000016,3.2195426622396948,0.0,O=C(Nc1ccccc1)Nc1ccc(C[NH2+]C2CC2)cc1,3.2195426622396948,CC(C)[NH+](Cc1ccc(NC(=O)Nc2ccccc2)cc1)C1CC1,0.7500549817312033,324.4480000000001,3.2863000000000016,45.57,1.0,3.0,6.0,24.0,2.0,0.35,O=C(Nc1ccccc1)Nc1ccc(C[NH2+]C2CC2)cc1,0,True,3.2195426622396948,-3.112637680508492
CC[C@H](F)C[NH+]1CCC(NC(=O)c2cccc(Cl)c2)CC1,,0.8546629128975601,1.8652000000000009,3.9018742011298855,0.0,O=C(NC1CC[NH2+]CC1)c1ccccc1,3.9018742011298855,CC[C@H](F)C[NH+]1CCC(NC(=O)c2cccc(Cl)c2)CC1,0.8546629128975601,313.8240000000001,1.8652000000000009,33.54,1.0,2.0,5.0,21.0,1.0,0.5625,O=C(NC1CC[NH2+]CC1)c1ccccc1,0,True,3.9018742011298855,-3.114611288232325
Cc1cccc(C)c1C(=O)NC1CC([NH2+]Cc2cnsn2)C1,,0.8696984043255422,1.17934,3.5763836549535064,0.0,O=C(NC1CC([NH2+]Cc2cnsn2)C1)c1ccccc1,3.5763836549535064,Cc1cccc(C)c1C(=O)NC1CC([NH2+]Cc2cnsn2)C1,0.8696984043255422,317.43800000000005,1.17934,71.49000000000001,4.0,2.0,5.0,22.0,2.0,0.4375,O=C(NC1CC([NH2+]Cc2cnsn2)C1)c1ccccc1,0,True,3.5763836549535064,-3.117015250627964
CNC(=O)N1CCOC[C@@H]1C(C)C,,0.6540815833375171,0.6825999999999997,3.113131392356756,0.0,C1COCCN1,3.113131392356756,CNC(=O)N1CCOC[C@@H]1C(C)C,0.6540815833375171,186.255,0.6825999999999997,41.57000000000001,2.0,1.0,1.0,13.0,0.0,0.8888888888888888,C1COCCN1,0,True,3.113131392356756,-3.117749809019239
Cc1ccoc1C(=O)NC1C[NH+](Cc2ccc(-n3cccn3)cc2)C1,,0.7291876720370738,0.9708199999999998,3.3339550823304887,0.0,O=C(NC1C[NH+](Cc2ccc(-n3cccn3)cc2)C1)c1ccco1,3.3339550823304887,Cc1ccoc1C(=O)NC1C[NH+](Cc2ccc(-n3cccn3)cc2)C1,0.7291876720370738,337.4030000000001,0.9708199999999998,64.5,4.0,2.0,5.0,25.0,3.0,0.2631578947368421,O=C(NC1C[NH+](Cc2ccc(-n3cccn3)cc2)C1)c1ccco1,0,True,3.3339550823304887,-3.119357410293415
Cc1cccc(C[NH+]2CC(CNC(=O)CCc3ccc[nH]3)C2)c1,,0.704109898752887,1.0868200000000012,3.3671425701766307,0.0,O=C(CCc1ccc[nH]1)NCC1C[NH+](Cc2ccccc2)C1,3.3671425701766307,Cc1cccc(C[NH+]2CC(CNC(=O)CCc3ccc[nH]3)C2)c1,0.704109898752887,312.437,1.0868200000000012,49.33,1.0,3.0,7.0,23.0,2.0,0.4210526315789473,O=C(CCc1ccc[nH]1)NCC1C[NH+](Cc2ccccc2)C1,0,True,3.3671425701766307,-3.119622671423743
CC[NH+]1CCN(C(=O)NCCCc2ccccc2)CC1,,0.7572545963631718,0.549200000000001,3.154798554012128,0.0,O=C(NCCCc1ccccc1)N1CC[NH2+]CC1,3.154798554012128,CC[NH+]1CCN(C(=O)NCCCc2ccccc2)CC1,0.7572545963631718,276.40400000000005,0.549200000000001,36.78,1.0,2.0,5.0,20.0,1.0,0.5625,O=C(NCCCc1ccccc1)N1CC[NH2+]CC1,0,True,3.154798554012128,-3.122943957648956
Cc1cccc(C[C@H]2CCCN2C(=O)CCC[NH+]2CCCCC2)c1,,0.8514505824889639,2.37752,3.7865708199643215,0.0,O=C(CCC[NH+]1CCCCC1)N1CCC[C@@H]1Cc1ccccc1,3.7865708199643215,Cc1cccc(C[C@H]2CCCN2C(=O)CCC[NH+]2CCCCC2)c1,0.8514505824889639,329.5080000000001,2.37752,24.750000000000004,1.0,1.0,6.0,24.0,1.0,0.6666666666666666,O=C(CCC[NH+]1CCCCC1)N1CCC[C@@H]1Cc1ccccc1,0,True,3.7865708199643215,-3.1238802374753574
Cc1ccc(CNC(=O)C[NH+]2CCN(C(=O)[C@H](C)c3ccccc3)CC2)cc1,,0.789798348859878,1.1420200000000016,3.4873490771204825,0.0,O=C(C[NH+]1CCN(C(=O)Cc2ccccc2)CC1)NCc1ccccc1,3.4873490771204825,Cc1ccc(CNC(=O)C[NH+]2CCN(C(=O)[C@H](C)c3ccccc3)CC2)cc1,0.789798348859878,380.5120000000001,1.1420200000000016,53.85,2.0,2.0,6.0,28.0,2.0,0.391304347826087,O=C(C[NH+]1CCN(C(=O)Cc2ccccc2)CC1)NCc1ccccc1,0,True,3.4873490771204825,-3.1265407282606037
CC(C)(C[NH+]1CCCC1)NC(=O)c1ccc(F)cc1,,0.8368980557323977,1.0127999999999997,3.471961570520164,0.0,O=C(NCC[NH+]1CCCC1)c1ccccc1,3.471961570520164,CC(C)(C[NH+]1CCCC1)NC(=O)c1ccc(F)cc1,0.8368980557323977,265.352,1.0127999999999997,33.54,1.0,2.0,4.0,19.0,1.0,0.5333333333333333,O=C(NCC[NH+]1CCCC1)c1ccccc1,0,True,3.471961570520164,-3.128663514787766
Cc1ccc2oc(C(=O)NC3CC[NH+](C[C@H]4CCCO4)CC3)cc2c1,,0.8883784781692625,1.69732,3.866864949877877,0.0,O=C(NC1CC[NH+](C[C@H]2CCCO2)CC1)c1cc2ccccc2o1,3.866864949877877,Cc1ccc2oc(C(=O)NC3CC[NH+](C[C@H]4CCCO4)CC3)cc2c1,0.8883784781692625,343.4470000000001,1.69732,55.91,3.0,2.0,4.0,25.0,2.0,0.55,O=C(NC1CC[NH+](C[C@H]2CCCO2)CC1)c1cc2ccccc2o1,0,True,3.866864949877877,-3.129826471708615
COc1cccc(C[NH+]2CC[C@@H](CNC(=O)Cc3ccccc3)C2)c1,,0.8019980307674531,1.4589000000000003,3.663306798559821,0.0,O=C(Cc1ccccc1)NC[C@@H]1CC[NH+](Cc2ccccc2)C1,3.663306798559821,COc1cccc(C[NH+]2CC[C@@H](CNC(=O)Cc3ccccc3)C2)c1,0.8019980307674531,339.459,1.4589000000000003,42.77,2.0,2.0,7.0,25.0,2.0,0.3809523809523809,O=C(Cc1ccccc1)NC[C@@H]1CC[NH+](Cc2ccccc2)C1,0,True,3.663306798559821,-3.1318587677923677
C[C@@H](C(=O)OCc1ccc(F)cc1)[NH+]1CCN(C(=O)OC(C)(C)C)CC1,,0.8174556050637342,1.3929999999999991,3.648773513795804,0.0,O=C(C[NH+]1CCNCC1)OCc1ccccc1,3.648773513795804,C[C@@H](C(=O)OCc1ccc(F)cc1)[NH+]1CCN(C(=O)OC(C)(C)C)CC1,0.8174556050637342,367.4410000000002,1.3929999999999991,60.28,4.0,1.0,4.0,26.0,1.0,0.5789473684210527,O=C(C[NH+]1CCNCC1)OCc1ccccc1,0,True,3.648773513795804,-3.1348179087320704
COc1cccc(C(=O)NC2CC[NH+](Cc3conc3C)CC2)c1,,0.8570959885672461,0.9689199999999996,3.481274944458246,0.0,O=C(NC1CC[NH+](Cc2cnoc2)CC1)c1ccccc1,3.481274944458246,COc1cccc(C(=O)NC2CC[NH+](Cc3conc3C)CC2)c1,0.8570959885672461,330.4080000000001,0.9689199999999996,68.8,4.0,2.0,5.0,24.0,2.0,0.4444444444444444,O=C(NC1CC[NH+](Cc2cnoc2)CC1)c1ccccc1,0,True,3.481274944458246,-3.139718955891
COc1cccc([C@H](C)[NH+]2CC(NC(=O)c3ccccn3)C2)c1,,0.8604574410372429,0.8482999999999996,3.4268856841298785,0.0,O=C(NC1C[NH+](Cc2ccccc2)C1)c1ccccn1,3.4268856841298785,COc1cccc([C@H](C)[NH+]2CC(NC(=O)c3ccccn3)C2)c1,0.8604574410372429,312.39300000000003,0.8482999999999996,55.66,3.0,2.0,5.0,23.0,2.0,0.3333333333333333,O=C(NC1C[NH+](Cc2ccccc2)C1)c1ccccn1,0,True,3.4268856841298785,-3.142278243092636
COc1ccc([C@@H]2CCCC[C@@H]2C(=O)N2CCN(C(=O)Nc3ccccc3)CC2)cc1,,0.7986035036992039,4.345300000000004,2.771222363983469,0.0,O=C(Nc1ccccc1)N1CCN(C(=O)[C@H]2CCCC[C@H]2c2ccccc2)CC1,2.771222363983469,COc1ccc([C@@H]2CCCC[C@@H]2C(=O)N2CCN(C(=O)Nc3ccccc3)CC2)cc1,0.7986035036992039,421.5410000000001,4.345300000000004,61.88,3.0,1.0,4.0,31.0,2.0,0.44,O=C(Nc1ccccc1)N1CCN(C(=O)[C@H]2CCCC[C@H]2c2ccccc2)CC1,0,True,2.771222363983469,-3.1452688602842676
Cc1cccc(C(=O)N2CCC[C@H]2C[NH+](C)CC2CCOCC2)c1,,0.888021982954619,1.5409199999999998,3.809245511193833,0.0,O=C(c1ccccc1)N1CCC[C@H]1C[NH2+]CC1CCOCC1,3.809245511193833,Cc1cccc(C(=O)N2CCC[C@H]2C[NH+](C)CC2CCOCC2)c1,0.888021982954619,331.48000000000013,1.5409199999999998,33.980000000000004,2.0,1.0,5.0,24.0,1.0,0.65,O=C(c1ccccc1)N1CCC[C@H]1C[NH2+]CC1CCOCC1,0,True,3.809245511193833,-3.1507635282392137
Cc1ccc(CCC[NH+]2CC(NC(=O)c3cc4[nH]ccc4[nH]3)C2)cc1,,0.5402301891298625,1.434120000000001,3.409020466945873,0.0,O=C(NC1C[NH+](CCCc2ccccc2)C1)c1cc2[nH]ccc2[nH]1,3.409020466945873,Cc1ccc(CCC[NH+]2CC(NC(=O)c3cc4[nH]ccc4[nH]3)C2)cc1,0.5402301891298625,337.4470000000001,1.434120000000001,65.12,1.0,4.0,6.0,25.0,3.0,0.35,O=C(NC1C[NH+](CCCc2ccccc2)C1)c1cc2[nH]ccc2[nH]1,0,True,3.409020466945873,-3.15173027781601
CC(C)(C(=O)NCCC[NH+]1CCCCCC1)C1CCCC1,,0.7235517827695644,2.168,3.792975928124478,0.0,O=C(CC1CCCC1)NCCC[NH+]1CCCCCC1,3.792975928124478,CC(C)(C(=O)NCCC[NH+]1CCCCCC1)C1CCCC1,0.7235517827695644,295.49100000000004,2.168,33.54,1.0,2.0,6.0,21.0,0.0,0.9444444444444444,O=C(CC1CCCC1)NCCC[NH+]1CCCCCC1,0,True,3.792975928124478,-3.1534241453549137
Cc1ccc2c(c1)C[C@H](NC(=O)NC1C[NH+](Cc3ccccc3)C1)C2,,0.7726129936313638,1.2287200000000005,3.5446466147883093,0.0,O=C(NC1Cc2ccccc2C1)NC1C[NH+](Cc2ccccc2)C1,3.5446466147883093,Cc1ccc2c(c1)C[C@H](NC(=O)NC1C[NH+](Cc3ccccc3)C1)C2,0.7726129936313638,336.4590000000001,1.2287200000000005,45.57,1.0,3.0,4.0,25.0,2.0,0.3809523809523809,O=C(NC1Cc2ccccc2C1)NC1C[NH+](Cc2ccccc2)C1,0,True,3.5446466147883093,-3.1576736211569454
Cc1ccc(CCNC(=O)N2CCC([NH+]3CCOCC3)CC2)cc1,,0.8493966626326058,0.626620000000002,3.3253435732207866,0.0,O=C(NCCc1ccccc1)N1CCC([NH+]2CCOCC2)CC1,3.3253435732207866,Cc1ccc(CCNC(=O)N2CCC([NH+]3CCOCC3)CC2)cc1,0.8493966626326058,332.46800000000013,0.626620000000002,46.010000000000005,2.0,2.0,4.0,24.0,1.0,0.631578947368421,O=C(NCCc1ccccc1)N1CCC([NH+]2CCOCC2)CC1,0,True,3.3253435732207866,-3.16263691058818
CC(C)(C)ON1CCC[C@@H]1C(=O)NC1CCN(C=O)CC1,,0.7838715915655557,0.9179,3.414872155542509,0.0,O=C(NC1CCNCC1)[C@H]1CCCN1,3.414872155542509,CC(C)(C)ON1CCC[C@@H]1C(=O)NC1CCN(C=O)CC1,0.7838715915655557,297.3990000000001,0.9179,61.88,4.0,1.0,4.0,21.0,0.0,0.8666666666666667,O=C(NC1CCNCC1)[C@H]1CCCN1,0,True,3.414872155542509,-3.1720505639769536
COc1c(C)cccc1C(=O)NCC[NH+]1CCCCC1,,0.8359666301177645,0.8022200000000002,3.4093635686707904,0.0,O=C(NCC[NH+]1CCCCC1)c1ccccc1,3.4093635686707904,COc1c(C)cccc1C(=O)NCC[NH+]1CCCCC1,0.8359666301177645,277.388,0.8022200000000002,42.77,2.0,2.0,5.0,20.0,1.0,0.5625,O=C(NCC[NH+]1CCCCC1)c1ccccc1,0,True,3.4093635686707904,-3.1722869385530257
Cc1ccc(C(=O)NC2C[NH+](CC[C@H]3CCCCO3)C2)cc1,,0.8504522118200392,0.9511200000000002,3.50117148305117,0.0,O=C(NC1C[NH+](CC[C@H]2CCCCO2)C1)c1ccccc1,3.50117148305117,Cc1ccc(C(=O)NC2C[NH+](CC[C@H]3CCCCO3)C2)cc1,0.8504522118200392,303.426,0.9511200000000002,42.77,2.0,2.0,5.0,22.0,1.0,0.6111111111111112,O=C(NC1C[NH+](CC[C@H]2CCCCO2)C1)c1ccccc1,0,True,3.50117148305117,-3.1751592712311307
C[C@@H]1C[NH+](Cc2ccccc2)C[C@@H]1NC(=O)c1ccccc1,,0.8808546543571371,1.519799999999999,3.8177427201793206,0.0,O=C(N[C@@H]1CC[NH+](Cc2ccccc2)C1)c1ccccc1,3.8177427201793206,C[C@@H]1C[NH+](Cc2ccccc2)C[C@@H]1NC(=O)c1ccccc1,0.8808546543571371,295.406,1.519799999999999,33.54,1.0,2.0,4.0,22.0,2.0,0.3157894736842105,O=C(N[C@@H]1CC[NH+](Cc2ccccc2)C1)c1ccccc1,0,True,3.8177427201793206,-3.176988065822184
CCCc1[nH]ccc1C(=O)NC[C@@H](C)C(=O)NC[C@@H](C)c1ccccc1,,0.6458372241949905,3.253000000000002,3.1966757789279763,0.0,O=C(CCNC(=O)c1cc[nH]c1)NCCc1ccccc1,3.1966757789279763,CCCc1[nH]ccc1C(=O)NC[C@@H](C)C(=O)NC[C@@H](C)c1ccccc1,0.6458372241949905,355.482,3.253000000000002,73.99,2.0,3.0,9.0,26.0,2.0,0.4285714285714285,O=C(CCNC(=O)c1cc[nH]c1)NCCc1ccccc1,0,True,3.1966757789279763,-3.177338554732987
CC[C@H](C)C[NH+]1CC(NC(=O)C2(c3ccccc3)CCC2)C1,,0.820894356627427,1.5377000000000005,3.768022897210781,0.0,O=C(NC1C[NH2+]C1)C1(c2ccccc2)CCC1,3.768022897210781,CC[C@H](C)C[NH+]1CC(NC(=O)C2(c3ccccc3)CCC2)C1,0.820894356627427,301.4540000000002,1.5377000000000005,33.54,1.0,2.0,6.0,22.0,1.0,0.631578947368421,O=C(NC1C[NH2+]C1)C1(c2ccccc2)CCC1,0,True,3.768022897210781,-3.178278540583354
Cc1ccc(C[NH+]2CCN(C(=O)NC[C@H](C)NC(=O)c3ccc(F)cc3)CC2)cc1,,0.6697007361072068,1.3627200000000017,3.5413057914403545,0.0,O=C(NCCNC(=O)N1CC[NH+](Cc2ccccc2)CC1)c1ccccc1,3.5413057914403545,Cc1ccc(C[NH+]2CCN(C(=O)NC[C@H](C)NC(=O)c3ccc(F)cc3)CC2)cc1,0.6697007361072068,413.51700000000017,1.3627200000000017,65.88,2.0,3.0,6.0,30.0,2.0,0.391304347826087,O=C(NCCNC(=O)N1CC[NH+](Cc2ccccc2)CC1)c1ccccc1,0,True,3.5413057914403545,-3.190245055333147
Cc1ccc(C[NH+]2CCC(NC(=O)N3CC4(CCC4)C3)CC2)cc1,,0.8712011869074728,1.7378200000000004,3.933446282149196,0.0,O=C(NC1CC[NH+](Cc2ccccc2)CC1)N1CC2(CCC2)C1,3.933446282149196,Cc1ccc(C[NH+]2CCC(NC(=O)N3CC4(CCC4)C3)CC2)cc1,0.8712011869074728,328.4800000000002,1.7378200000000004,36.78,1.0,2.0,3.0,24.0,1.0,0.65,O=C(NC1CC[NH+](Cc2ccccc2)CC1)N1CC2(CCC2)C1,0,True,3.933446282149196,-3.193335095241723
COc1ccc(C[NH+]2CCN(C(=O)NCC(=O)N3CCC(C(F)(F)F)CC3)CC2)cc1,,0.7111562890472422,0.9062000000000008,3.3599413693848907,0.0,O=C(CNC(=O)N1CC[NH+](Cc2ccccc2)CC1)N1CCCCC1,3.3599413693848907,COc1ccc(C[NH+]2CCN(C(=O)NCC(=O)N3CCC(C(F)(F)F)CC3)CC2)cc1,0.7111562890472422,443.4900000000002,0.9062000000000008,66.32000000000001,3.0,2.0,5.0,31.0,1.0,0.6190476190476191,O=C(CNC(=O)N1CC[NH+](Cc2ccccc2)CC1)N1CCCCC1,0,True,3.3599413693848907,-3.195685080337648
Cc1ccc(OCC(=O)NC2C[NH+](Cc3ccccc3)C[C@H]2C)cc1,,0.8393822103183866,1.59342,3.8358823780153593,0.0,O=C(COc1ccccc1)NC1CC[NH+](Cc2ccccc2)C1,3.8358823780153593,Cc1ccc(OCC(=O)NC2C[NH+](Cc3ccccc3)C[C@H]2C)cc1,0.8393822103183866,339.4590000000001,1.59342,42.77,2.0,2.0,6.0,25.0,2.0,0.3809523809523809,O=C(COc1ccccc1)NC1CC[NH+](Cc2ccccc2)C1,0,True,3.8358823780153593,-3.199790167696973
Cc1cocc1C(=O)NC[C@@H](C)CNC(=O)[C@@H]1CCc2[nH]ccc2C1,,0.7513381908221526,2.20332,3.8507443710972575,0.0,O=C(NCCCNC(=O)[C@@H]1CCc2[nH]ccc2C1)c1ccoc1,3.8507443710972575,Cc1cocc1C(=O)NC[C@@H](C)CNC(=O)[C@@H]1CCc2[nH]ccc2C1,0.7513381908221526,343.4270000000001,2.20332,87.13,3.0,3.0,6.0,25.0,2.0,0.4736842105263157,O=C(NCCCNC(=O)[C@@H]1CCc2[nH]ccc2C1)c1ccoc1,0,True,3.8507443710972575,-3.201066180275105
CC[C@H](C)C[NH+]1CC(NC(=O)c2ccc(C)cc2)C1,,0.8156255038890696,1.03802,3.540062073615473,0.0,O=C(NC1C[NH2+]C1)c1ccccc1,3.540062073615473,CC[C@H](C)C[NH+]1CC(NC(=O)c2ccc(C)cc2)C1,0.8156255038890696,261.389,1.03802,33.54,1.0,2.0,5.0,19.0,1.0,0.5625,O=C(NC1C[NH2+]C1)c1ccccc1,0,True,3.540062073615473,-3.205426569726404
Cc1ccccc1C(=O)NC1C[NH+](Cc2nnc(C3CC3)o2)C1,,0.8407089829206875,0.4525200000000005,3.274909240429455,0.0,O=C(NC1C[NH+](Cc2nnc(C3CC3)o2)C1)c1ccccc1,3.274909240429455,Cc1ccccc1C(=O)NC1C[NH+](Cc2nnc(C3CC3)o2)C1,0.8407089829206875,313.38100000000014,0.4525200000000005,72.46000000000001,4.0,2.0,5.0,23.0,2.0,0.4705882352941176,O=C(NC1C[NH+](Cc2nnc(C3CC3)o2)C1)c1ccccc1,0,True,3.274909240429455,-3.2079402575087674
CC1(C[NH+]2CC(NC(=O)CC3CCCCC3)C2)CC1,,0.7677867032090184,1.1401999999999994,3.5480683920005704,0.0,O=C(CC1CCCCC1)NC1C[NH+](CC2CC2)C1,3.5480683920005704,CC1(C[NH+]2CC(NC(=O)CC3CCCCC3)C2)CC1,0.7677867032090184,265.42099999999994,1.1401999999999994,33.54,1.0,2.0,5.0,19.0,0.0,0.9375,O=C(CC1CCCCC1)NC1C[NH+](CC2CC2)C1,0,True,3.5480683920005704,-3.2101816887915526
CC(C)CCC[NH+]1CC(NC(=O)c2cccc3[nH]cnc23)C1,,0.7451397093579984,0.9960000000000006,3.454247178526707,0.0,O=C(NC1C[NH2+]C1)c1cccc2[nH]cnc12,3.454247178526707,CC(C)CCC[NH+]1CC(NC(=O)c2cccc3[nH]cnc23)C1,0.7451397093579984,301.4140000000001,0.9960000000000006,62.22,2.0,3.0,6.0,22.0,2.0,0.5294117647058824,O=C(NC1C[NH2+]C1)c1cccc2[nH]cnc12,0,True,3.454247178526707,-3.211107469168708
C[C@@H]1CCC[C@@H](NC(=O)c2ccc3c(c2)CN(C(=O)OC(C)(C)C)C3)C1,,0.8598432647974551,4.245800000000004,2.9534012267678094,0.0,O=C(NC1CCCCC1)c1ccc2c(c1)CNC2,2.9534012267678094,C[C@@H]1CCC[C@@H](NC(=O)c2ccc3c(c2)CN(C(=O)OC(C)(C)C)C3)C1,0.8598432647974551,358.4820000000002,4.245800000000004,58.64,3.0,1.0,2.0,26.0,1.0,0.6190476190476191,O=C(NC1CCCCC1)c1ccc2c(c1)CNC2,0,True,2.9534012267678094,-3.216457961970356
NC(=O)[C@@H]1CCCCO1,,0.5431401972672874,0.0407999999999997,2.7801175396833777,0.0,C1CCOCC1,2.7801175396833777,NC(=O)[C@@H]1CCCCO1,0.5431401972672874,129.15900000000002,0.0407999999999997,52.32000000000001,2.0,1.0,1.0,9.0,0.0,0.8333333333333334,C1CCOCC1,0,True,2.7801175396833777,-3.2165773424160906
CC[C@@H](C)CNC(=O)NC1CC[NH+](Cc2ccc(F)cc2)CC1,,0.7336132275188637,1.7183,3.81711716341982,0.0,c1ccc(C[NH+]2CCCCC2)cc1,3.81711716341982,CC[C@@H](C)CNC(=O)NC1CC[NH+](Cc2ccc(F)cc2)CC1,0.7336132275188637,322.4480000000001,1.7183,45.57,1.0,3.0,6.0,23.0,1.0,0.6111111111111112,c1ccc(C[NH+]2CCCCC2)cc1,0,True,3.81711716341982,-3.224353935900956
O=C(NCc1ccc(OCC(F)(F)F)cc1)C(=O)N[C@H](c1ccccc1)C1CCCC1,,0.6391604359416638,4.291600000000003,2.724897333962316,0.0,O=C(NCc1ccccc1)C(=O)N[C@H](c1ccccc1)C1CCCC1,2.724897333962316,O=C(NCc1ccc(OCC(F)(F)F)cc1)C(=O)N[C@H](c1ccccc1)C1CCCC1,0.6391604359416638,434.4580000000002,4.291600000000003,67.42999999999999,3.0,2.0,7.0,31.0,2.0,0.391304347826087,O=C(NCc1ccccc1)C(=O)N[C@H](c1ccccc1)C1CCCC1,0,True,2.724897333962316,-3.231536898020654
Cc1ccc(C[NH+]2CC[C@@H](CNC(=O)CCc3cccnc3)C2)cc1,,0.8045027713598814,1.5438200000000006,3.825576134703129,0.0,O=C(CCc1cccnc1)NC[C@@H]1CC[NH+](Cc2ccccc2)C1,3.825576134703129,Cc1ccc(C[NH+]2CC[C@@H](CNC(=O)CCc3cccnc3)C2)cc1,0.8045027713598814,338.4750000000001,1.5438200000000006,46.43,2.0,2.0,7.0,25.0,2.0,0.4285714285714285,O=C(CCc1cccnc1)NC[C@@H]1CC[NH+](Cc2ccccc2)C1,0,True,3.825576134703129,-3.2491633633432473
CCc1cc(C(=O)NCC[NH+]2CCN(C(=O)OC(C)(C)C)CC2)c(C)o1,,0.8156888638046164,1.0158200000000008,3.5731631839382008,0.0,O=C(NCC[NH+]1CCNCC1)c1ccoc1,3.5731631839382008,CCc1cc(C(=O)NCC[NH+]2CCN(C(=O)OC(C)(C)C)CC2)c(C)o1,0.8156888638046164,366.4820000000002,1.0158200000000008,76.22,4.0,2.0,5.0,26.0,1.0,0.6842105263157895,O=C(NCC[NH+]1CCNCC1)c1ccoc1,0,True,3.5731631839382008,-3.249564320133584
COc1ccc(C(=O)N2CCN(C(=O)C[NH+]3CC[C@@H](c4ccc(F)cc4)C3)CC2)cc1,,0.7817292799420767,1.1911000000000012,3.628014723534031,0.0,O=C(C[NH+]1CC[C@@H](c2ccccc2)C1)N1CCN(C(=O)c2ccccc2)CC1,3.628014723534031,COc1ccc(C(=O)N2CCN(C(=O)C[NH+]3CC[C@@H](c4ccc(F)cc4)C3)CC2)cc1,0.7817292799420767,426.5120000000001,1.1911000000000012,54.29,3.0,1.0,5.0,31.0,2.0,0.4166666666666667,O=C(C[NH+]1CC[C@@H](c2ccccc2)C1)N1CCN(C(=O)c2ccccc2)CC1,0,True,3.628014723534031,-3.2507354435919535
Cc1ccccc1C(=O)NC[C@@H]1CCCN1C(=O)CC1CC[NH+](C)CC1,,0.8260975642471937,1.030620000000001,3.5983437869942456,0.0,O=C(NC[C@@H]1CCCN1C(=O)CC1CC[NH2+]CC1)c1ccccc1,3.5983437869942456,Cc1ccccc1C(=O)NC[C@@H]1CCCN1C(=O)CC1CC[NH+](C)CC1,0.8260975642471937,358.50600000000014,1.030620000000001,53.85,2.0,2.0,5.0,26.0,1.0,0.6190476190476191,O=C(NC[C@@H]1CCCN1C(=O)CC1CC[NH2+]CC1)c1ccccc1,0,True,3.5983437869942456,-3.2569362227470515
CCc1ccc(C(=O)N[C@@H]2CC[NH+](Cc3ccc(C(F)(F)F)cc3)C2)cn1,,0.8384854101000548,2.250000000000001,3.9728521525834646,0.0,O=C(N[C@@H]1CC[NH+](Cc2ccccc2)C1)c1cccnc1,3.9728521525834646,CCc1ccc(C(=O)N[C@@H]2CC[NH+](Cc3ccc(C(F)(F)F)cc3)C2)cn1,0.8384854101000548,378.418,2.250000000000001,46.43,2.0,2.0,5.0,27.0,2.0,0.4,O=C(N[C@@H]1CC[NH+](Cc2ccccc2)C1)c1cccnc1,0,True,3.9728521525834646,-3.2593667424834103
CC[C@@H](C)CC[NH+]1CCC(NC(=O)C2CCCCC2)CC1,,0.7734585983329734,2.1663999999999994,3.949663614428452,0.0,O=C(NC1CC[NH2+]CC1)C1CCCCC1,3.949663614428452,CC[C@@H](C)CC[NH+]1CCC(NC(=O)C2CCCCC2)CC1,0.7734585983329734,295.4910000000001,2.1663999999999994,33.54,1.0,2.0,6.0,21.0,0.0,0.9444444444444444,O=C(NC1CC[NH2+]CC1)C1CCCCC1,0,True,3.949663614428452,-3.259405016095478
COc1ccc(CNC(=O)C[NH+]2CCCN(C(=O)c3ccccc3OC)CC2)cc1,,0.7041853111932249,0.7510000000000019,3.33936619131408,0.0,O=C(C[NH+]1CCCN(C(=O)c2ccccc2)CC1)NCc1ccccc1,3.33936619131408,COc1ccc(CNC(=O)C[NH+]2CCCN(C(=O)c3ccccc3OC)CC2)cc1,0.7041853111932249,412.51000000000016,0.7510000000000019,72.31,4.0,2.0,7.0,30.0,2.0,0.391304347826087,O=C(C[NH+]1CCCN(C(=O)c2ccccc2)CC1)NCc1ccccc1,0,True,3.33936619131408,-3.2596808801208543
Cc1cscc1C(=O)N1CC[C@@](C)(c2ccc(F)cc2)C1,,0.8209443010680864,3.9994200000000033,3.0811563393306667,0.0,O=C(c1ccsc1)N1CCC(c2ccccc2)C1,3.0811563393306667,Cc1cscc1C(=O)N1CC[C@@](C)(c2ccc(F)cc2)C1,0.8209443010680864,303.402,3.9994200000000033,20.31,2.0,0.0,2.0,21.0,2.0,0.3529411764705882,O=C(c1ccsc1)N1CCC(c2ccccc2)C1,0,True,3.0811563393306667,-3.259922038262582
O=C(C[C@@H]1CCC[NH2+]C1)Nc1cccc2c1OCCC2,,0.873755084891271,1.3136,3.795959413898801,0.0,O=C(C[C@@H]1CCC[NH2+]C1)Nc1cccc2c1OCCC2,3.795959413898801,O=C(C[C@@H]1CCC[NH2+]C1)Nc1cccc2c1OCCC2,0.873755084891271,275.37200000000007,1.3136,54.94,2.0,2.0,3.0,20.0,1.0,0.5625,O=C(C[C@@H]1CCC[NH2+]C1)Nc1cccc2c1OCCC2,0,True,3.795959413898801,-3.26540432900753
CC[NH+]1CCC(C(=O)N[C@@H](C)Cc2ccccc2)CC1,,0.8272722680644132,1.0486000000000009,3.617060971573954,0.0,O=C(NCCc1ccccc1)C1CC[NH2+]CC1,3.617060971573954,CC[NH+]1CCC(C(=O)N[C@@H](C)Cc2ccccc2)CC1,0.8272722680644132,275.41600000000005,1.0486000000000009,33.54,1.0,2.0,5.0,20.0,1.0,0.5882352941176471,O=C(NCCc1ccccc1)C1CC[NH2+]CC1,0,True,3.617060971573954,-3.265488703509541
CC1(C[NH+]2CC(NC(=O)c3ccc(F)cn3)C2)CCCC1,,0.8620773305461072,0.7978999999999994,3.530997466586016,0.0,O=C(NC1C[NH+](CC2CCCC2)C1)c1ccccn1,3.530997466586016,CC1(C[NH+]2CC(NC(=O)c3ccc(F)cn3)C2)CCCC1,0.8620773305461072,292.3780000000001,0.7978999999999994,46.43,2.0,2.0,4.0,21.0,1.0,0.625,O=C(NC1C[NH+](CC2CCCC2)C1)c1ccccn1,0,True,3.530997466586016,-3.2699701360399094
CC[NH+]1CCN(C(=O)c2ccc(-n3cccn3)cc2)CC1,,0.8772874990344668,0.2329000000000014,3.265684730142132,0.0,O=C(c1ccc(-n2cccn2)cc1)N1CC[NH2+]CC1,3.265684730142132,CC[NH+]1CCN(C(=O)c2ccc(-n3cccn3)cc2)CC1,0.8772874990344668,285.3710000000001,0.2329000000000014,42.57,3.0,1.0,3.0,21.0,2.0,0.375,O=C(c1ccc(-n2cccn2)cc1)N1CC[NH2+]CC1,0,True,3.265684730142132,-3.271947231107664
Cc1ccc(NC(=O)N[C@@H]2CCC[C@H]2COCc2ccc(F)cc2)cc1,,0.7920207520812008,4.641120000000004,2.745149995998577,0.0,O=C(Nc1ccccc1)N[C@@H]1CCC[C@H]1COCc1ccccc1,2.745149995998577,Cc1ccc(NC(=O)N[C@@H]2CCC[C@H]2COCc2ccc(F)cc2)cc1,0.7920207520812008,356.441,4.641120000000004,50.36,2.0,2.0,6.0,26.0,2.0,0.3809523809523809,O=C(Nc1ccccc1)N[C@@H]1CCC[C@H]1COCc1ccccc1,0,True,2.745149995998577,-3.2736892439173784
Cc1cccc(N2CC[C@@H](NC(=O)NCC3(C(F)(F)F)CCCC3)C2)c1,,0.8427313903781849,3.9956200000000015,3.121626554060575,0.0,O=C(NCC1CCCC1)N[C@@H]1CCN(c2ccccc2)C1,3.121626554060575,Cc1cccc(N2CC[C@@H](NC(=O)NCC3(C(F)(F)F)CCCC3)C2)c1,0.8427313903781849,369.4310000000002,3.9956200000000015,44.370000000000005,2.0,2.0,4.0,26.0,1.0,0.631578947368421,O=C(NCC1CCCC1)N[C@@H]1CCN(c2ccccc2)C1,0,True,3.121626554060575,-3.276705163682391
CC(C)C(C)(C)OC(=O)N1CC[NH+](CCNC(=O)N2CCN(C(=O)c3ccccc3)CC2)CC1,,0.6422851567826872,0.9257000000000052,3.383294290803584,0.0,O=C(NCC[NH+]1CCNCC1)N1CCN(C(=O)c2ccccc2)CC1,3.383294290803584,CC(C)C(C)(C)OC(=O)N1CC[NH+](CCNC(=O)N2CCN(C(=O)c3ccccc3)CC2)CC1,0.6422851567826872,474.6260000000003,0.9257000000000052,86.63,4.0,2.0,6.0,34.0,1.0,0.64,O=C(NCC[NH+]1CCNCC1)N1CCN(C(=O)c2ccccc2)CC1,0,True,3.383294290803584,-3.2781591340208944
Cc1cccc(C(=O)Nc2ccc(NC(=O)Nc3ccc(C(F)(F)F)cc3)cc2)c1,,0.4976333359459045,5.910120000000004,1.8252311755953323,0.0,O=C(Nc1ccccc1)Nc1ccc(NC(=O)c2ccccc2)cc1,1.8252311755953323,Cc1cccc(C(=O)Nc2ccc(NC(=O)Nc3ccc(C(F)(F)F)cc3)cc2)c1,0.4976333359459045,413.39900000000006,5.910120000000004,70.23,2.0,3.0,4.0,30.0,3.0,0.0909090909090909,O=C(Nc1ccccc1)Nc1ccc(NC(=O)c2ccccc2)cc1,0,True,1.8252311755953323,-3.2826578396494295
CC(C)(C)OC(=O)N1CCC[C@H](CNC(=O)N2CC[C@H]3CCCC[C@H]32)C1,,0.8130575160600235,3.6076000000000032,3.294441532250744,0.0,O=C(NC[C@H]1CCCNC1)N1CC[C@H]2CCCC[C@H]21,3.294441532250744,CC(C)(C)OC(=O)N1CCC[C@H](CNC(=O)N2CC[C@H]3CCCC[C@H]32)C1,0.8130575160600235,365.5180000000002,3.6076000000000032,61.88,3.0,1.0,2.0,26.0,0.0,0.9,O=C(NC[C@H]1CCCNC1)N1CC[C@H]2CCCC[C@H]21,0,True,3.294441532250744,-3.2851840161907218
Cc1[nH]ccc1C(=O)N1CC[NH+](Cc2ccccc2)CC1,,0.8623336380505726,0.86402,3.580889017657894,0.0,O=C(c1cc[nH]c1)N1CC[NH+](Cc2ccccc2)CC1,3.580889017657894,Cc1[nH]ccc1C(=O)N1CC[NH+](Cc2ccccc2)CC1,0.8623336380505726,284.3830000000001,0.86402,40.54,1.0,2.0,3.0,21.0,2.0,0.3529411764705882,O=C(c1cc[nH]c1)N1CC[NH+](Cc2ccccc2)CC1,0,True,3.580889017657894,-3.286545379607321
CCOc1ccc([C@H](C)CNC(=O)C(=O)N2CC[NH+](Cc3ccccc3)CC2)cc1,,0.6752980356522971,1.2323000000000015,3.5780416832639883,0.0,O=C(NCCc1ccccc1)C(=O)N1CC[NH+](Cc2ccccc2)CC1,3.5780416832639883,CCOc1ccc([C@H](C)CNC(=O)C(=O)N2CC[NH+](Cc3ccccc3)CC2)cc1,0.6752980356522971,410.5380000000001,1.2323000000000015,63.08,3.0,2.0,7.0,30.0,2.0,0.4166666666666667,O=C(NCCc1ccccc1)C(=O)N1CC[NH+](Cc2ccccc2)CC1,0,True,3.5780416832639883,-3.286593647611691
COc1ccc(C(=O)N2CCC([NH+]3CCOCC3)CC2)cc1,,0.8683977467314243,0.2149000000000016,3.273613982186757,0.0,O=C(c1ccccc1)N1CCC([NH+]2CCOCC2)CC1,3.273613982186757,COc1ccc(C(=O)N2CCC([NH+]3CCOCC3)CC2)cc1,0.8683977467314243,305.398,0.2149000000000016,43.21,3.0,1.0,3.0,22.0,1.0,0.5882352941176471,O=C(c1ccccc1)N1CCC([NH+]2CCOCC2)CC1,0,True,3.273613982186757,-3.297766235455332
Cc1nc(C[NH+]2CCC(C)(NC(=O)c3ccccc3)CC2)no1,,0.873018596280641,0.7454200000000004,3.549169143603205,0.0,O=C(NC1CC[NH+](Cc2ncon2)CC1)c1ccccc1,3.549169143603205,Cc1nc(C[NH+]2CCC(C)(NC(=O)c3ccccc3)CC2)no1,0.873018596280641,315.3970000000001,0.7454200000000004,72.46000000000001,4.0,2.0,4.0,23.0,2.0,0.4705882352941176,O=C(NC1CC[NH+](Cc2ncon2)CC1)c1ccccc1,0,True,3.549169143603205,-3.303440547322564
CC(C)(C)OC(=O)N1CC[C@H]([NH+]2CCN(C(=O)NCc3ccc(F)cc3)CC2)C1,,0.7926034456458295,1.2452000000000016,3.7400038898764816,0.0,O=C(NCc1ccccc1)N1CC[NH+]([C@H]2CCNC2)CC1,3.7400038898764816,CC(C)(C)OC(=O)N1CC[C@H]([NH+]2CCN(C(=O)NCc3ccc(F)cc3)CC2)C1,0.7926034456458295,407.5100000000002,1.2452000000000016,66.32,3.0,2.0,3.0,29.0,1.0,0.6190476190476191,O=C(NCc1ccccc1)N1CC[NH+]([C@H]2CCNC2)CC1,0,True,3.7400038898764816,-3.3248004442306516
CC(C)C[NH+]1CC(NC(=O)c2ccc3c(c2)OCCO3)C1,,0.8278253345413897,0.1107000000000009,3.210362786012352,0.0,O=C(NC1C[NH2+]C1)c1ccc2c(c1)OCCO2,3.210362786012352,CC(C)C[NH+]1CC(NC(=O)c2ccc3c(c2)OCCO3)C1,0.8278253345413897,291.37100000000004,0.1107000000000009,52.0,3.0,2.0,4.0,21.0,1.0,0.5625,O=C(NC1C[NH2+]C1)c1ccc2c(c1)OCCO2,0,True,3.210362786012352,-3.3271874514709614
Cc1[nH]ccc1C(=O)NC1C[NH+](CCc2ccc(F)cc2)C1,,0.748157307570835,0.7018200000000003,3.4345409750527622,0.0,O=C(NC1C[NH+](CCc2ccccc2)C1)c1cc[nH]c1,3.4345409750527622,Cc1[nH]ccc1C(=O)NC1C[NH+](CCc2ccc(F)cc2)C1,0.748157307570835,302.37300000000005,0.7018200000000003,49.33,1.0,3.0,5.0,22.0,2.0,0.3529411764705882,O=C(NC1C[NH+](CCc2ccccc2)C1)c1cc[nH]c1,0,True,3.4345409750527622,-3.335473667481927
CC(C)(C)OC(=O)N1CCN(C(=O)C(=O)NC2CC[NH+](Cc3ccc(F)cc3)CC2)CC1,,0.6613136965446843,0.5685000000000031,3.2945588037615376,0.0,O=C(NC1CC[NH+](Cc2ccccc2)CC1)C(=O)N1CCNCC1,3.2945588037615376,CC(C)(C)OC(=O)N1CCN(C(=O)C(=O)NC2CC[NH+](Cc3ccc(F)cc3)CC2)CC1,0.6613136965446843,449.54700000000025,0.5685000000000031,83.39,4.0,2.0,3.0,32.0,1.0,0.6086956521739131,O=C(NC1CC[NH+](Cc2ccccc2)CC1)C(=O)N1CCNCC1,0,True,3.2945588037615376,-3.348995107216852
Cc1cc(C)cc(C(=O)N2CCC[C@@H](C[NH2+]Cc3cnon3)C2)c1,,0.8970432520712133,1.3022399999999994,3.898396744474594,0.0,O=C(c1ccccc1)N1CCC[C@@H](C[NH2+]Cc2cnon2)C1,3.898396744474594,Cc1cc(C)cc(C(=O)N2CCC[C@@H](C[NH2+]Cc3cnon3)C2)c1,0.8970432520712133,329.424,1.3022399999999994,75.84,4.0,1.0,5.0,24.0,2.0,0.5,O=C(c1ccccc1)N1CCC[C@@H](C[NH2+]Cc2cnon2)C1,0,True,3.898396744474594,-3.350233492403381
Cc1ccc(OCCNC(=O)N2CC[NH+]([C@@H]3CCN(c4ccccc4)C3=O)CC2)cc1,,0.6839619529771445,1.0894200000000018,3.5812452360602185,0.0,O=C(NCCOc1ccccc1)N1CC[NH+]([C@@H]2CCN(c3ccccc3)C2=O)CC1,3.5812452360602185,Cc1ccc(OCCNC(=O)N2CC[NH+]([C@@H]3CCN(c4ccccc4)C3=O)CC2)cc1,0.6839619529771445,423.53700000000015,1.0894200000000018,66.32,3.0,2.0,6.0,31.0,2.0,0.4166666666666667,O=C(NCCOc1ccccc1)N1CC[NH+]([C@@H]2CCN(c3ccccc3)C2=O)CC1,0,True,3.5812452360602185,-3.352573283083073
COc1cc(C(=O)N[C@H]2CC[NH+](Cc3cccs3)C2)ccc1F,,0.8692484994804438,1.4830000000000003,3.9686006711171418,0.0,O=C(N[C@H]1CC[NH+](Cc2cccs2)C1)c1ccccc1,3.9686006711171418,COc1cc(C(=O)N[C@H]2CC[NH+](Cc3cccs3)C2)ccc1F,0.8692484994804438,335.42400000000004,1.4830000000000003,42.77,3.0,2.0,5.0,23.0,2.0,0.3529411764705882,O=C(N[C@H]1CC[NH+](Cc2cccs2)C1)c1ccccc1,0,True,3.9686006711171418,-3.3578521716366976
CCCC(=O)N[C@H]1CCC[NH+](CCc2ccc(C)cc2)C1,,0.8174507541515543,1.501120000000001,3.945986896197857,0.0,c1ccc(CC[NH+]2CCCCC2)cc1,3.945986896197857,CCCC(=O)N[C@H]1CCC[NH+](CCc2ccc(C)cc2)C1,0.8174507541515543,289.443,1.501120000000001,33.54,1.0,2.0,6.0,21.0,1.0,0.6111111111111112,c1ccc(CC[NH+]2CCCCC2)cc1,0,True,3.945986896197857,-3.3779761420463017
Cc1cc(F)c(F)cc1C(=O)N1CC[NH+](Cc2ccon2)CC1,,0.9094764023706134,0.8021199999999997,3.698086045163184,0.0,O=C(c1ccccc1)N1CC[NH+](Cc2ccon2)CC1,3.698086045163184,Cc1cc(F)c(F)cc1C(=O)N1CC[NH+](Cc2ccon2)CC1,0.9094764023706134,322.3350000000001,0.8021199999999997,50.78,3.0,1.0,3.0,23.0,2.0,0.375,O=C(c1ccccc1)N1CC[NH+](Cc2ccon2)CC1,0,True,3.698086045163184,-3.3875496427925706
Cc1ccc(C[NH+]2CCN(C(=O)c3ccon3)CC2)cc1,,0.8949958883671336,0.5239200000000006,3.5463984754132536,0.0,O=C(c1ccon1)N1CC[NH+](Cc2ccccc2)CC1,3.5463984754132536,Cc1ccc(C[NH+]2CCN(C(=O)c3ccon3)CC2)cc1,0.8949958883671336,286.355,0.5239200000000006,50.78,3.0,1.0,3.0,21.0,2.0,0.375,O=C(c1ccon1)N1CC[NH+](Cc2ccccc2)CC1,0,True,3.5463984754132536,-3.38944258704612
COc1ccccc1C[NH+]1CCC[C@@H](NC(=O)c2ccco2)C1,,0.8734399926732814,1.2654999999999998,3.9027565734237903,0.0,O=C(N[C@@H]1CCC[NH+](Cc2ccccc2)C1)c1ccco1,3.9027565734237903,COc1ccccc1C[NH+]1CCC[C@@H](NC(=O)c2ccco2)C1,0.8734399926732814,315.39300000000003,1.2654999999999998,55.91,3.0,2.0,5.0,23.0,2.0,0.3888888888888889,O=C(N[C@@H]1CCC[NH+](Cc2ccccc2)C1)c1ccco1,0,True,3.9027565734237903,-3.396566580750509
Cc1ccc(C(=O)NC2(C)CC[NH+](Cc3ccccc3)C2)cn1,,0.895805139808432,1.3673199999999996,3.9764782934947647,0.0,O=C(NC1CC[NH+](Cc2ccccc2)C1)c1cccnc1,3.9764782934947647,Cc1ccc(C(=O)NC2(C)CC[NH+](Cc3ccccc3)C2)cn1,0.895805139808432,310.42100000000005,1.3673199999999996,46.43,2.0,2.0,4.0,23.0,2.0,0.3684210526315789,O=C(NC1CC[NH+](Cc2ccccc2)C1)c1cccnc1,0,True,3.9764782934947647,-3.397013153686333
CC(C)(C)OC(=O)C[NH+]1CC(NC(=O)c2ccc(N3CCOCC3)cc2)C1,,0.7003483141578665,-0.1381999999999963,3.0355413464534067,0.0,O=C(NC1C[NH2+]C1)c1ccc(N2CCOCC2)cc1,3.0355413464534067,CC(C)(C)OC(=O)C[NH+]1CC(NC(=O)c2ccc(N3CCOCC3)cc2)C1,0.7003483141578665,376.47700000000026,-0.1381999999999963,72.31,5.0,2.0,5.0,27.0,1.0,0.6,O=C(NC1C[NH2+]C1)c1ccc(N2CCOCC2)cc1,0,True,3.0355413464534067,-3.4042930322955387
CC(C)(C(=O)N1CC[C@@H](CNC=O)C1)c1cnccn1,,0.7873733056207125,0.3487000000000005,3.366045514662445,0.0,O=C(Cc1cnccn1)N1CCCC1,3.366045514662445,CC(C)(C(=O)N1CC[C@@H](CNC=O)C1)c1cnccn1,0.7873733056207125,276.34,0.3487000000000005,75.19,4.0,1.0,5.0,20.0,1.0,0.5714285714285714,O=C(Cc1cnccn1)N1CCCC1,0,True,3.366045514662445,-3.404322209041732
C[C@@H]1CCCCN1C(=O)[C@H](C)[NH+]1CCN(c2ccccc2)CC1,,0.9069084360710876,1.1810000000000016,3.906009762026233,0.0,O=C(C[NH+]1CCN(c2ccccc2)CC1)N1CCCCC1,3.906009762026233,C[C@@H]1CCCCN1C(=O)[C@H](C)[NH+]1CCN(c2ccccc2)CC1,0.9069084360710876,316.4690000000001,1.1810000000000016,27.99,2.0,1.0,3.0,23.0,1.0,0.631578947368421,O=C(C[NH+]1CCN(c2ccccc2)CC1)N1CCCCC1,0,True,3.906009762026233,-3.408601325955144
COc1ccc(CNC(=O)N2CC[NH+](C)CC2)cc1,,0.7896686075911743,-0.2648999999999983,3.076359199934773,0.0,O=C(NCc1ccccc1)N1CC[NH2+]CC1,3.076359199934773,COc1ccc(CNC(=O)N2CC[NH+](C)CC2)cc1,0.7896686075911743,264.34899999999993,-0.2648999999999983,46.01,2.0,2.0,3.0,19.0,1.0,0.5,O=C(NCc1ccccc1)N1CC[NH2+]CC1,0,True,3.076359199934773,-3.4191405923435974
Cc1cccc(C(=O)NCC[NH+](C)C2CCCCC2)n1,,0.8415606251444387,0.96722,3.74459619424602,0.0,O=C(NCC[NH2+]C1CCCCC1)c1ccccn1,3.74459619424602,Cc1cccc(C(=O)NCC[NH+](C)C2CCCCC2)n1,0.8415606251444387,276.404,0.96722,46.43,2.0,2.0,5.0,20.0,1.0,0.625,O=C(NCC[NH2+]C1CCCCC1)c1ccccn1,0,True,3.74459619424602,-3.4194255691015814
CC(C)c1ncccc1C(=O)NCCC[NH+]1CCCC1,,0.7616738298933269,1.0036000000000005,3.6843093176586432,0.0,O=C(NCCC[NH+]1CCCC1)c1cccnc1,3.6843093176586432,CC(C)c1ncccc1C(=O)NCCC[NH+]1CCCC1,0.7616738298933269,276.404,1.0036000000000005,46.43,2.0,2.0,6.0,20.0,1.0,0.625,O=C(NCCC[NH+]1CCCC1)c1cccnc1,0,True,3.6843093176586432,-3.420835487765316
COc1ccccc1C(=O)NC1C[NH+](C2CC2)C1,,0.7771796377863391,-0.1454999999999993,3.1257868106073,0.0,O=C(NC1C[NH+](C2CC2)C1)c1ccccc1,3.1257868106073,COc1ccccc1C(=O)NC1C[NH+](C2CC2)C1,0.7771796377863391,247.318,-0.1454999999999993,42.77,2.0,2.0,4.0,18.0,1.0,0.5,O=C(NC1C[NH+](C2CC2)C1)c1ccccc1,0,True,3.1257868106073,-3.4213571728209606
C[NH+]1CCC[C@H](NC(=O)c2ccoc2-c2ccccc2)C1,,0.8941488373221161,1.3534999999999997,3.9939401370553584,0.0,O=C(N[C@H]1CCC[NH2+]C1)c1ccoc1-c1ccccc1,3.9939401370553584,C[NH+]1CCC[C@H](NC(=O)c2ccoc2-c2ccccc2)C1,0.8941488373221161,285.367,1.3534999999999997,46.68,2.0,2.0,3.0,21.0,2.0,0.3529411764705882,O=C(N[C@H]1CCC[NH2+]C1)c1ccoc1-c1ccccc1,0,True,3.9939401370553584,-3.4230412997332427
Cc1nc(C[NH+]2CC[C@@H](NC(=O)CCc3ccccc3)C2)cs1,,0.8400152806306516,1.3577200000000005,3.946287227843997,0.0,O=C(CCc1ccccc1)N[C@@H]1CC[NH+](Cc2cscn2)C1,3.946287227843997,Cc1nc(C[NH+]2CC[C@@H](NC(=O)CCc3ccccc3)C2)cs1,0.8400152806306516,330.47700000000003,1.3577200000000005,46.43,3.0,2.0,6.0,23.0,2.0,0.4444444444444444,O=C(CCc1ccccc1)N[C@@H]1CC[NH+](Cc2cscn2)C1,0,True,3.946287227843997,-3.4274119472133453
Cc1ccccc1NC(=O)NCCC[NH+]1CCOCC1,,0.6839129821189253,0.4217200000000007,3.323170172049263,0.0,O=C(NCCC[NH+]1CCOCC1)Nc1ccccc1,3.323170172049263,Cc1ccccc1NC(=O)NCCC[NH+]1CCOCC1,0.6839129821189253,278.37600000000003,0.4217200000000007,54.8,2.0,3.0,5.0,20.0,1.0,0.5333333333333333,O=C(NCCC[NH+]1CCOCC1)Nc1ccccc1,0,True,3.323170172049263,-3.4283971899303376
CC[C@@H](C)C[NH+]1CC(NC(=O)Cc2ccccc2)C1,,0.7747650748275289,0.6585000000000012,3.5483189230070105,0.0,O=C(Cc1ccccc1)NC1C[NH2+]C1,3.5483189230070105,CC[C@@H](C)C[NH+]1CC(NC(=O)Cc2ccccc2)C1,0.7747650748275289,261.389,0.6585000000000012,33.54,1.0,2.0,6.0,19.0,1.0,0.5625,O=C(Cc1ccccc1)NC1C[NH2+]C1,0,True,3.5483189230070105,-3.444303848179481
Cc1ccccc1OCCNC(=O)N1CC[NH+](C)CC1,,0.7565199531673638,-0.0862799999999979,3.158529560573624,0.0,O=C(NCCOc1ccccc1)N1CC[NH2+]CC1,3.158529560573624,Cc1ccccc1OCCNC(=O)N1CC[NH+](C)CC1,0.7565199531673638,278.37600000000003,-0.0862799999999979,46.01,2.0,2.0,4.0,20.0,1.0,0.5333333333333333,O=C(NCCOc1ccccc1)N1CC[NH2+]CC1,0,True,3.158529560573624,-3.4451496074062593
Cc1cccc(C(=O)NC2(C)CC[NH+](Cc3coc(C)n3)CC2)n1,,0.8795237728901493,1.0538399999999997,3.859358369600878,0.0,O=C(NC1CC[NH+](Cc2cocn2)CC1)c1ccccn1,3.859358369600878,Cc1cccc(C(=O)NC2(C)CC[NH+](Cc3coc(C)n3)CC2)n1,0.8795237728901493,329.4240000000001,1.0538399999999997,72.46000000000001,4.0,2.0,4.0,24.0,2.0,0.5,O=C(NC1CC[NH+](Cc2cocn2)CC1)c1ccccn1,0,True,3.859358369600878,-3.4529145967107295
CCc1nnc(C[NH+]2CC(NC(=O)c3ccc(OC)cc3)C2)o1,,0.7734916327211292,-0.1622999999999983,3.157670660547799,0.0,O=C(NC1C[NH+](Cc2nnco2)C1)c1ccccc1,3.157670660547799,CCc1nnc(C[NH+]2CC(NC(=O)c3ccc(OC)cc3)C2)o1,0.7734916327211292,317.3690000000001,-0.1622999999999983,81.69,5.0,2.0,6.0,23.0,2.0,0.4375,O=C(NC1C[NH+](Cc2nnco2)C1)c1ccccc1,0,True,3.157670660547799,-3.465329027826669
CC[C@H](C)CC[NH+]1CCC(NC(=O)c2ccccn2)CC1,,0.8292909558662367,1.294900000000001,3.946022075966912,0.0,O=C(NC1CC[NH2+]CC1)c1ccccn1,3.946022075966912,CC[C@H](C)CC[NH+]1CCC(NC(=O)c2ccccn2)CC1,0.8292909558662367,290.4310000000001,1.294900000000001,46.43,2.0,2.0,6.0,21.0,1.0,0.6470588235294118,O=C(NC1CC[NH2+]CC1)c1ccccn1,0,True,3.946022075966912,-3.469281120100675
CCC[C@@H]1CCCC[C@H]1NC(=O)N1CC[C@@H](c2ccccc2)C1,,0.868861845486773,4.544400000000004,3.067192757522081,0.0,O=C(NC1CCCCC1)N1CC[C@@H](c2ccccc2)C1,3.067192757522081,CCC[C@@H]1CCCC[C@H]1NC(=O)N1CC[C@@H](c2ccccc2)C1,0.868861845486773,314.473,4.544400000000004,32.34,1.0,1.0,4.0,23.0,1.0,0.65,O=C(NC1CCCCC1)N1CC[C@@H](c2ccccc2)C1,0,True,3.067192757522081,-3.47053091203531
CCc1ccc(NC(=O)NC[C@H]2CC[NH+](C3CCCCC3)C2)cc1,,0.763421061260221,2.608,3.9331855303051535,0.0,O=C(NC[C@H]1CC[NH+](C2CCCCC2)C1)Nc1ccccc1,3.9331855303051535,CCc1ccc(NC(=O)NC[C@H]2CC[NH+](C3CCCCC3)C2)cc1,0.763421061260221,330.4960000000001,2.608,45.57,1.0,3.0,5.0,24.0,1.0,0.65,O=C(NC[C@H]1CC[NH+](C2CCCCC2)C1)Nc1ccccc1,0,True,3.9331855303051535,-3.4737644690449327
Cc1[nH]ncc1C(=O)N1CCC[C@H]1C[NH+](C)Cc1ccc(F)cc1,,0.86432952113405,1.1767199999999998,3.931970152153896,0.0,O=C(c1cn[nH]c1)N1CCC[C@H]1C[NH2+]Cc1ccccc1,3.931970152153896,Cc1[nH]ncc1C(=O)N1CCC[C@H]1C[NH+](C)Cc1ccc(F)cc1,0.86432952113405,331.415,1.1767199999999998,53.43,2.0,2.0,5.0,24.0,2.0,0.4444444444444444,O=C(c1cn[nH]c1)N1CCC[C@H]1C[NH2+]Cc1ccccc1,0,True,3.931970152153896,-3.4792806310198463
CC(C)(C)OC(=O)N1CCC(C(=O)NCC2([NH+]3CCOCC3)CCC2)CC1,,0.7464649849248611,0.587500000000003,3.5301961156841752,0.0,O=C(NCC1([NH+]2CCOCC2)CCC1)C1CCNCC1,3.5301961156841752,CC(C)(C)OC(=O)N1CCC(C(=O)NCC2([NH+]3CCOCC3)CCC2)CC1,0.7464649849248611,382.5250000000003,0.587500000000003,72.31,4.0,2.0,4.0,27.0,0.0,0.9,O=C(NCC1([NH+]2CCOCC2)CCC1)C1CCNCC1,0,True,3.5301961156841752,-3.4899811307593125
CCc1ccc(C(=O)NCC2(O)CC[NH+](CC(C)C)CC2)s1,,0.7337195569613233,1.1060999999999992,3.7930610621047904,0.0,O=C(NCC1CC[NH2+]CC1)c1cccs1,3.7930610621047904,CCc1ccc(C(=O)NCC2(O)CC[NH+](CC(C)C)CC2)s1,0.7337195569613233,325.49800000000005,1.1060999999999992,53.77,3.0,3.0,6.0,22.0,1.0,0.7058823529411765,O=C(NCC1CC[NH2+]CC1)c1cccs1,0,True,3.7930610621047904,-3.5062915051434675
CCc1cc(C(=O)NC2C[NH+](CC3CCCC3)C2)no1,,0.8206954203105938,0.4240999999999999,3.5443805727193727,0.0,O=C(NC1C[NH+](CC2CCCC2)C1)c1ccon1,3.5443805727193727,CCc1cc(C(=O)NC2C[NH+](CC3CCCC3)C2)no1,0.8206954203105938,278.3759999999999,0.4240999999999999,59.57,3.0,2.0,5.0,20.0,1.0,0.7333333333333333,O=C(NC1C[NH+](CC2CCCC2)C1)c1ccon1,0,True,3.5443805727193727,-3.5116351524087785
CCc1occc1C(=O)NC1C[NH+](Cc2cnc(C)s2)C1,,0.8590704776884797,0.80402,3.7874610910970974,0.0,O=C(NC1C[NH+](Cc2cncs2)C1)c1ccoc1,3.7874610910970974,CCc1occc1C(=O)NC1C[NH+](Cc2cnc(C)s2)C1,0.8590704776884797,306.41100000000006,0.80402,59.57,4.0,2.0,5.0,21.0,2.0,0.4666666666666667,O=C(NC1C[NH+](Cc2cncs2)C1)c1ccoc1,0,True,3.7874610910970974,-3.5263806134086177
Cc1ccccc1C(=O)NCC1C[NH+](C(C)Cn2cccn2)C1,,0.8170678988737482,0.5247200000000007,3.608683553952364,0.0,O=C(NCC1C[NH+](CCn2cccn2)C1)c1ccccc1,3.608683553952364,Cc1ccccc1C(=O)NCC1C[NH+](C(C)Cn2cccn2)C1,0.8170678988737482,313.425,0.5247200000000007,51.36,3.0,2.0,6.0,23.0,2.0,0.4444444444444444,O=C(NCC1C[NH+](CCn2cccn2)C1)c1ccccc1,0,True,3.608683553952364,-3.5292556550786154
CC(C)[NH+]1CCN(Nc2ccccc2)CC1,,0.778510668303212,0.6224000000000003,3.6195177061175614,0.0,c1ccc(NN2CC[NH2+]CC2)cc1,3.6195177061175614,CC(C)[NH+]1CCN(Nc2ccccc2)CC1,0.778510668303212,220.34,0.6224000000000003,19.71,2.0,2.0,3.0,16.0,1.0,0.5384615384615384,c1ccc(NN2CC[NH2+]CC2)cc1,0,True,3.6195177061175614,-3.529807037814349
CC[C@@H]1[C@@H](C(=O)OC(C)(C)C)CCN1C(=O)Nc1ccc2c(c1)CCC2,,0.8259385354659934,4.149400000000004,3.2850262267678083,0.0,O=C(Nc1ccc2c(c1)CCC2)N1CCCC1,3.2850262267678083,CC[C@@H]1[C@@H](C(=O)OC(C)(C)C)CCN1C(=O)Nc1ccc2c(c1)CCC2,0.8259385354659934,358.48200000000014,4.149400000000004,58.64,3.0,1.0,3.0,26.0,1.0,0.6190476190476191,O=C(Nc1ccc2c(c1)CCC2)N1CCCC1,0,True,3.2850262267678083,-3.5337876913018174
COc1ccc(C(=O)N[C@@H]2CC[NH+](Cc3ccc(C)cc3)C2)nc1,,0.8613670735303688,0.98582,3.895117751996508,0.0,O=C(N[C@@H]1CC[NH+](Cc2ccccc2)C1)c1ccccn1,3.895117751996508,COc1ccc(C(=O)N[C@@H]2CC[NH+](Cc3ccc(C)cc3)C2)nc1,0.8613670735303688,326.4200000000001,0.98582,55.66,3.0,2.0,5.0,24.0,2.0,0.3684210526315789,O=C(N[C@@H]1CC[NH+](Cc2ccccc2)C1)c1ccccn1,0,True,3.895117751996508,-3.5408406784661395
Cc1cccc(C[NH+]2CC[C@@](C)(CNC(=O)C(=O)NCc3ccc(F)cc3)C2)c1,,0.6437867406910813,1.3616200000000007,3.88361442617997,0.0,O=C(NCc1ccccc1)C(=O)NCC1CC[NH+](Cc2ccccc2)C1,3.88361442617997,Cc1cccc(C[NH+]2CC[C@@](C)(CNC(=O)C(=O)NCc3ccc(F)cc3)C2)c1,0.6437867406910813,398.5020000000001,1.3616200000000007,62.64,2.0,3.0,6.0,29.0,2.0,0.391304347826087,O=C(NCc1ccccc1)C(=O)NCC1CC[NH+](Cc2ccccc2)C1,0,True,3.88361442617997,-3.5590176854888886
COc1ccc(C(=O)NCC[NH+]2CCOCC2)cc1Br,,0.796982899859984,0.1026000000000011,3.42363482373152,0.0,O=C(NCC[NH+]1CCOCC1)c1ccccc1,3.42363482373152,COc1ccc(C(=O)NCC[NH+]2CCOCC2)cc1Br,0.796982899859984,344.2289999999999,0.1026000000000011,52.0,3.0,2.0,5.0,20.0,1.0,0.5,O=C(NCC[NH+]1CCOCC1)c1ccccc1,0,True,3.42363482373152,-3.575351923871535
CC[C@H](F)C[NH+]1CC(NC(=O)c2cccc(C)c2)C1,,0.808760584754695,0.7400200000000006,3.755974203792989,0.0,O=C(NC1C[NH2+]C1)c1ccccc1,3.755974203792989,CC[C@H](F)C[NH+]1CC(NC(=O)c2cccc(C)c2)C1,0.808760584754695,265.35200000000003,0.7400200000000006,33.54,1.0,2.0,5.0,19.0,1.0,0.5333333333333333,O=C(NC1C[NH2+]C1)c1ccccc1,0,True,3.755974203792989,-3.577203619038294
COc1cccc(C[NH+]2CC[C@H](CNC(=O)c3ccc(F)cn3)C2)c1,,0.8240750145223958,1.0640999999999998,3.935646050403868,0.0,O=C(NC[C@H]1CC[NH+](Cc2ccccc2)C1)c1ccccn1,3.935646050403868,COc1cccc(C[NH+]2CC[C@H](CNC(=O)c3ccc(F)cn3)C2)c1,0.8240750145223958,344.41,1.0640999999999998,55.66,3.0,2.0,6.0,25.0,2.0,0.3684210526315789,O=C(NC[C@H]1CC[NH+](Cc2ccccc2)C1)c1ccccn1,0,True,3.935646050403868,-3.579521035881472
CCc1ccccc1C(=O)NC1C[NH+](Cc2cnns2)C1,,0.8350079916390978,0.2976000000000001,3.564595158893708,0.0,O=C(NC1C[NH+](Cc2cnns2)C1)c1ccccc1,3.564595158893708,CCc1ccccc1C(=O)NC1C[NH+](Cc2cnns2)C1,0.8350079916390978,303.411,0.2976000000000001,59.32,4.0,2.0,5.0,21.0,2.0,0.4,O=C(NC1C[NH+](Cc2cnns2)C1)c1ccccc1,0,True,3.564595158893708,-3.5807871672546105
CCN(CC)c1cccc(NC(=O)C(=O)NC[C@H](C)C[NH+]2CCCCC2)c1,,0.6001378722106467,1.292400000000002,3.829263243283696,0.0,O=C(NCCC[NH+]1CCCCC1)C(=O)Nc1ccccc1,3.829263243283696,CCN(CC)c1cccc(NC(=O)C(=O)NC[C@H](C)C[NH+]2CCCCC2)c1,0.6001378722106467,375.53700000000026,1.292400000000002,65.88000000000001,3.0,3.0,8.0,27.0,1.0,0.6190476190476191,O=C(NCCC[NH+]1CCCCC1)C(=O)Nc1ccccc1,0,True,3.829263243283696,-3.582925371073048
Cc1cc(C(=O)N2CC[C@@](C)(C[NH2+]Cc3cccnc3)C2)nn1C,,0.8801501500068974,0.7393200000000004,3.8567182278505534,0.0,O=C(c1cc[nH]n1)N1CCC(C[NH2+]Cc2cccnc2)C1,3.8567182278505534,Cc1cc(C(=O)N2CC[C@@](C)(C[NH2+]Cc3cccnc3)C2)nn1C,0.8801501500068974,328.44000000000005,0.7393200000000004,67.63,4.0,1.0,5.0,24.0,2.0,0.5,O=C(c1cc[nH]n1)N1CCC(C[NH2+]Cc2cccnc2)C1,0,True,3.8567182278505534,-3.6069080778436557
CC1(C[NH+]2CC(CNC(=O)c3ccccn3)C2)CC1,,0.7901496261934784,0.1262000000000009,3.48571106253758,0.0,O=C(NCC1C[NH+](CC2CC2)C1)c1ccccn1,3.48571106253758,CC1(C[NH+]2CC(CNC(=O)c3ccccn3)C2)CC1,0.7901496261934784,260.36100000000005,0.1262000000000009,46.43,2.0,2.0,5.0,19.0,1.0,0.6,O=C(NCC1C[NH+](CC2CC2)C1)c1ccccn1,0,True,3.48571106253758,-3.632461436344101
Cc1cccc(C[NH+]2CC(NC(=O)[C@@H]3CCCCO3)C2)c1,,0.8449308489702645,0.4474200000000008,3.708606691351529,0.0,O=C(NC1C[NH+](Cc2ccccc2)C1)[C@@H]1CCCCO1,3.708606691351529,Cc1cccc(C[NH+]2CC(NC(=O)[C@@H]3CCCCO3)C2)c1,0.8449308489702645,289.39900000000006,0.4474200000000008,42.77,2.0,2.0,4.0,21.0,1.0,0.5882352941176471,O=C(NC1C[NH+](Cc2ccccc2)C1)[C@@H]1CCCCO1,0,True,3.708606691351529,-3.639965842381264
Cc1occc1C(=O)N1CC[NH+](CC2CCOCC2)CC1,,0.8749609354834205,0.3553200000000012,3.699393935690681,0.0,O=C(c1ccoc1)N1CC[NH+](CC2CCOCC2)CC1,3.699393935690681,Cc1occc1C(=O)N1CC[NH+](CC2CCOCC2)CC1,0.8749609354834205,293.38700000000006,0.3553200000000012,47.120000000000005,3.0,1.0,3.0,21.0,1.0,0.6875,O=C(c1ccoc1)N1CC[NH+](CC2CCOCC2)CC1,0,True,3.699393935690681,-3.6467730002072605
CC(C)C[NH+]1CCC(NC(=O)c2n[nH]c3c2CCCC3)CC1,,0.7675250687794711,0.7216000000000011,3.775156324219724,0.0,O=C(NC1CC[NH2+]CC1)c1n[nH]c2c1CCCC2,3.775156324219724,CC(C)C[NH+]1CCC(NC(=O)c2n[nH]c3c2CCCC3)CC1,0.7675250687794711,305.44600000000014,0.7216000000000011,62.22,2.0,3.0,4.0,22.0,1.0,0.7647058823529411,O=C(NC1CC[NH2+]CC1)c1n[nH]c2c1CCCC2,0,True,3.775156324219724,-3.646831255440252
C[NH+]1CCN(C(=O)[C@@H](c2ccc(F)cc2)C2CC2)CC1,,0.8631237781043887,0.6762000000000004,3.860986174003104,0.0,O=C([C@@H](c1ccccc1)C1CC1)N1CC[NH2+]CC1,3.860986174003104,C[NH+]1CCN(C(=O)[C@@H](c2ccc(F)cc2)C2CC2)CC1,0.8631237781043887,277.36300000000006,0.6762000000000004,24.75,1.0,1.0,3.0,20.0,1.0,0.5625,O=C([C@@H](c1ccccc1)C1CC1)N1CC[NH2+]CC1,0,True,3.860986174003104,-3.659762395898715
CC[C@H](C)C[NH+]1CC(NC(=O)c2ccc(Cl)cn2)C1,,0.8383545839853213,0.7779999999999999,3.888159706751568,0.0,O=C(NC1C[NH2+]C1)c1ccccn1,3.888159706751568,CC[C@H](C)C[NH+]1CC(NC(=O)c2ccc(Cl)cn2)C1,0.8383545839853213,282.795,0.7779999999999999,46.43,2.0,2.0,5.0,19.0,1.0,0.5714285714285714,O=C(NC1C[NH2+]C1)c1ccccn1,0,True,3.888159706751568,-3.660805122766247
Cc1cccc([C@H]2CCC[C@@H]2[NH2+]CCCc2ccccc2)c1,,0.7799037758925946,3.827320000000002,3.539432550112206,0.0,c1ccc(CCC[NH2+][C@H]2CCC[C@@H]2c2ccccc2)cc1,3.539432550112206,Cc1cccc([C@H]2CCC[C@@H]2[NH2+]CCCc2ccccc2)c1,0.7799037758925946,294.462,3.827320000000002,16.61,0.0,1.0,6.0,22.0,2.0,0.4285714285714285,c1ccc(CCC[NH2+][C@H]2CCC[C@@H]2c2ccccc2)cc1,0,True,3.539432550112206,-3.6731887742196125
COc1cccc(C(=O)NCCC[NH+]2CCOCC2)c1,,0.7049744696965575,-0.2697999999999985,3.271660092473665,0.0,O=C(NCCC[NH+]1CCOCC1)c1ccccc1,3.271660092473665,COc1cccc(C(=O)NCCC[NH+]2CCOCC2)c1,0.7049744696965575,279.36,-0.2697999999999985,52.0,3.0,2.0,6.0,20.0,1.0,0.5333333333333333,O=C(NCCC[NH+]1CCOCC1)c1ccccc1,0,True,3.271660092473665,-3.7015856227771065
C[C@H](C[NH+]1CCCCC1)NC(=O)N[C@H]1CCN(c2ccccc2)C1,,0.7545161882543374,1.0218000000000012,3.988443552283176,0.0,O=C(NCC[NH+]1CCCCC1)N[C@H]1CCN(c2ccccc2)C1,3.988443552283176,C[C@H](C[NH+]1CCCCC1)NC(=O)N[C@H]1CCN(c2ccccc2)C1,0.7545161882543374,331.48400000000004,1.0218000000000012,48.81,2.0,3.0,5.0,24.0,1.0,0.631578947368421,O=C(NCC[NH+]1CCCCC1)N[C@H]1CCN(c2ccccc2)C1,0,True,3.988443552283176,-3.7230273640288383
CC[NH+](C)C[C@@H]1CCCN(C(=O)c2ccc(F)cn2)C1,,0.8772223114070591,0.6074999999999999,3.930909510717563,0.0,O=C(c1ccccn1)N1CCCCC1,3.930909510717563,CC[NH+](C)C[C@@H]1CCCN(C(=O)c2ccc(F)cn2)C1,0.8772223114070591,280.367,0.6074999999999999,37.64,2.0,1.0,4.0,20.0,1.0,0.6,O=C(c1ccccn1)N1CCCCC1,0,True,3.930909510717563,-3.749937199310504
CCOc1cccc(CNC(=O)C(=O)NC2CC[NH+](Cc3ccccc3)C2)c1,,0.6168263566388582,0.675100000000002,3.719648940086469,0.0,O=C(NCc1ccccc1)C(=O)NC1CC[NH+](Cc2ccccc2)C1,3.719648940086469,CCOc1cccc(CNC(=O)C(=O)NC2CC[NH+](Cc3ccccc3)C2)c1,0.6168263566388582,382.4840000000001,0.675100000000002,71.86999999999999,3.0,3.0,7.0,28.0,2.0,0.3636363636363636,O=C(NCc1ccccc1)C(=O)NC1CC[NH+](Cc2ccccc2)C1,0,True,3.719648940086469,-3.7652725834476097
CCCc1occc1C(=O)NC1C[NH+](C2CC2)C1,,0.7928822539826867,0.3914000000000009,3.7684837336842216,0.0,O=C(NC1C[NH+](C2CC2)C1)c1ccoc1,3.7684837336842216,CCCc1occc1C(=O)NC1C[NH+](C2CC2)C1,0.7928822539826867,249.33399999999995,0.3914000000000009,46.68,2.0,2.0,5.0,18.0,1.0,0.6428571428571429,O=C(NC1C[NH+](C2CC2)C1)c1ccoc1,0,True,3.7684837336842216,-3.7799014797015342
Cc1[nH]ncc1C(=O)NC1(C)CC[NH+](Cc2ccc(F)cn2)CC1,,0.7682892032581917,0.6196200000000001,3.8603479623610593,0.0,O=C(NC1CC[NH+](Cc2ccccn2)CC1)c1cn[nH]c1,3.8603479623610593,Cc1[nH]ncc1C(=O)NC1(C)CC[NH+](Cc2ccc(F)cn2)CC1,0.7682892032581917,332.4030000000001,0.6196200000000001,75.11,3.0,3.0,4.0,24.0,2.0,0.4705882352941176,O=C(NC1CC[NH+](Cc2ccccn2)CC1)c1cn[nH]c1,0,True,3.8603479623610593,-3.7822487591028673
CCOC(=O)[C@@H]1CCCCN(C(=O)C2CCN(C(=O)C[NH+]3CCCCC3)CC2)C1,,0.672248824639504,0.4856000000000036,3.699117760744569,0.0,O=C(C[NH+]1CCCCC1)N1CCC(C(=O)N2CCCCCC2)CC1,3.699117760744569,CCOC(=O)[C@@H]1CCCCN(C(=O)C2CCN(C(=O)C[NH+]3CCCCC3)CC2)C1,0.672248824639504,408.56300000000033,0.4856000000000036,71.36,4.0,1.0,5.0,29.0,0.0,0.8636363636363636,O=C(C[NH+]1CCCCC1)N1CCC(C(=O)N2CCCCCC2)CC1,0,True,3.699117760744569,-3.7840689361050632
Cc1nsc(C[NH+]2CCC(NC(=O)c3ccccn3)CC2)n1,,0.8457826482786777,0.2188200000000002,3.747457491802142,0.0,O=C(NC1CC[NH+](Cc2ncns2)CC1)c1ccccn1,3.747457491802142,Cc1nsc(C[NH+]2CCC(NC(=O)c3ccccn3)CC2)n1,0.8457826482786777,318.4260000000001,0.2188200000000002,72.21000000000001,5.0,2.0,4.0,22.0,2.0,0.4666666666666667,O=C(NC1CC[NH+](Cc2ncns2)CC1)c1ccccn1,0,True,3.747457491802142,-3.7922648435234643
Cc1cccc2c(C(=O)NCC[NH+]3CCOCC3)c[nH]c12,,0.748398587989682,0.1212200000000008,3.6015470252240984,0.0,O=C(NCC[NH+]1CCOCC1)c1c[nH]c2ccccc12,3.6015470252240984,Cc1cccc2c(C(=O)NCC[NH+]3CCOCC3)c[nH]c12,0.748398587989682,288.3709999999999,0.1212200000000008,58.56,2.0,3.0,4.0,21.0,2.0,0.4375,O=C(NCC[NH+]1CCOCC1)c1c[nH]c2ccccc12,0,True,3.6015470252240984,-3.792538437234416
CCc1cc(NC(=O)C(=O)N2CC[NH+](CCc3ccccc3)CC2)n(C)n1,,0.7218168887834702,-0.1091999999999977,3.476405881917941,0.0,O=C(Nc1ccn[nH]1)C(=O)N1CC[NH+](CCc2ccccc2)CC1,3.476405881917941,CCc1cc(NC(=O)C(=O)N2CC[NH+](CCc3ccccc3)CC2)n(C)n1,0.7218168887834702,370.4770000000001,-0.1091999999999977,71.67,4.0,2.0,5.0,27.0,2.0,0.45,O=C(Nc1ccn[nH]1)C(=O)N1CC[NH+](CCc2ccccc2)CC1,0,True,3.476405881917941,-3.8091889931344696
COc1ccc(C(=O)NCC[NH+]2CCOCC2)cc1OC,,0.7320073035777367,-0.651299999999998,3.234456697355246,0.0,O=C(NCC[NH+]1CCOCC1)c1ccccc1,3.234456697355246,COc1ccc(C(=O)NCC[NH+]2CCOCC2)cc1OC,0.7320073035777367,295.359,-0.651299999999998,61.23,4.0,2.0,6.0,21.0,1.0,0.5333333333333333,O=C(NCC[NH+]1CCOCC1)c1ccccc1,0,True,3.234456697355246,-3.8280993937775087
CCc1cccc(C(=O)N[C@@H](C)C[NH+]2CCOCC2)c1,,0.8118640365273524,0.2824000000000009,3.8062115788614026,0.0,O=C(NCC[NH+]1CCOCC1)c1ccccc1,3.8062115788614026,CCc1cccc(C(=O)N[C@@H](C)C[NH+]2CCOCC2)c1,0.8118640365273524,277.388,0.2824000000000009,42.77,2.0,2.0,5.0,20.0,1.0,0.5625,O=C(NCC[NH+]1CCOCC1)c1ccccc1,0,True,3.8062115788614026,-3.8531475423340495
CCc1occc1C(=O)N1CCC([NH+]2CCOCC2)CC1,,0.875315727732817,0.3617000000000012,3.914454213118172,0.0,O=C(c1ccoc1)N1CCC([NH+]2CCOCC2)CC1,3.914454213118172,CCc1occc1C(=O)N1CCC([NH+]2CCOCC2)CC1,0.875315727732817,293.38700000000006,0.3617000000000012,47.120000000000005,3.0,1.0,3.0,21.0,1.0,0.6875,O=C(c1ccoc1)N1CCC([NH+]2CCOCC2)CC1,0,True,3.914454213118172,-3.858288485385355
CCc1ncccc1C(=O)NC1C[NH+](C2CC2)C1,,0.7729411455407754,-0.196699999999999,3.535530502914991,0.0,O=C(NC1C[NH+](C2CC2)C1)c1cccnc1,3.535530502914991,CCc1ncccc1C(=O)NC1C[NH+](C2CC2)C1,0.7729411455407754,246.33399999999995,-0.196699999999999,46.43,2.0,2.0,4.0,18.0,1.0,0.5714285714285714,O=C(NC1C[NH+](C2CC2)C1)c1cccnc1,0,True,3.535530502914991,-3.8609393573742152
CCn1ccnc1CC[NH+]1CC(NC(=O)c2ccco2)C1,,0.7696752999252695,-0.2643999999999982,3.5265943896629395,0.0,O=C(NC1C[NH+](CCc2ncc[nH]2)C1)c1ccco1,3.5265943896629395,CCn1ccnc1CC[NH+]1CC(NC(=O)c2ccco2)C1,0.7696752999252695,289.3590000000001,-0.2643999999999982,64.5,4.0,2.0,6.0,21.0,2.0,0.4666666666666667,O=C(NC1C[NH+](CCc2ncc[nH]2)C1)c1ccco1,0,True,3.5265943896629395,-3.8891190897376693
CCC[NH+]1CCN(C(=O)NCCC2CCOCC2)CC1,,0.753360731223297,0.1232000000000013,3.721242320590376,0.0,O=C(NCCC1CCOCC1)N1CC[NH2+]CC1,3.721242320590376,CCC[NH+]1CCN(C(=O)NCCC2CCOCC2)CC1,0.753360731223297,284.42400000000004,0.1232000000000013,46.010000000000005,2.0,2.0,5.0,20.0,0.0,0.9333333333333332,O=C(NCCC1CCOCC1)N1CC[NH2+]CC1,0,True,3.721242320590376,-3.906281589367078
Cc1cccc(OCC(=O)NCC[NH+]2CCOCC2)c1,,0.7314063201535831,-0.5948799999999985,3.3523592967176974,0.0,O=C(COc1ccccc1)NCC[NH+]1CCOCC1,3.3523592967176974,Cc1cccc(OCC(=O)NCC[NH+]2CCOCC2)c1,0.7314063201535831,279.36,-0.5948799999999985,52.0,3.0,2.0,6.0,20.0,1.0,0.5333333333333333,O=C(COc1ccccc1)NCC[NH+]1CCOCC1,0,True,3.3523592967176974,-3.918392976564114
Cc1cc(C[NH2+][C@@H]2CCCC[C@@H]2c2ccccc2)ccc1Cl,,0.8590080566413536,4.438220000000003,3.5905277867985976,0.0,c1ccc(C[NH2+][C@@H]2CCCC[C@@H]2c2ccccc2)cc1,3.5905277867985976,Cc1cc(C[NH2+][C@@H]2CCCC[C@@H]2c2ccccc2)ccc1Cl,0.8590080566413536,314.88,4.438220000000003,16.61,0.0,1.0,4.0,22.0,2.0,0.4,c1ccc(C[NH2+][C@@H]2CCCC[C@@H]2c2ccccc2)cc1,0,True,3.5905277867985976,-3.9506297301572455
COc1ccc(C(=O)NCC[NH+]2CCOCC2)c(F)c1F,,0.7793498914780936,-0.3816999999999995,3.5837912084373844,0.0,O=C(NCC[NH+]1CCOCC1)c1ccccc1,3.5837912084373844,COc1ccc(C(=O)NCC[NH+]2CCOCC2)c(F)c1F,0.7793498914780936,301.313,-0.3816999999999995,52.0,3.0,2.0,5.0,21.0,1.0,0.5,O=C(NCC[NH+]1CCOCC1)c1ccccc1,0,True,3.5837912084373844,-3.9952913169592903
CCOC(=O)C[NH+]1CC(NC(=O)[C@H](C)c2ccccc2)C1,,0.7098762862995515,-0.2634999999999972,3.5895413863117414,0.0,O=C(Cc1ccccc1)NC1C[NH2+]C1,3.5895413863117414,CCOC(=O)C[NH+]1CC(NC(=O)[C@H](C)c2ccccc2)C1,0.7098762862995515,291.3710000000001,-0.2634999999999972,59.84,3.0,2.0,6.0,21.0,1.0,0.5,O=C(Cc1ccccc1)NC1C[NH2+]C1,0,True,3.5895413863117414,-4.011415100012188
CC[C@H](C)C[NH+]1CC(NC(=O)Cc2ccccn2)C1,,0.7610493912412639,0.0535000000000018,3.814781622571598,0.0,O=C(Cc1ccccn1)NC1C[NH2+]C1,3.814781622571598,CC[C@H](C)C[NH+]1CC(NC(=O)Cc2ccccn2)C1,0.7610493912412639,262.377,0.0535000000000018,46.43,2.0,2.0,6.0,19.0,1.0,0.6,O=C(Cc1ccccn1)NC1C[NH2+]C1,0,True,3.814781622571598,-4.026982231330333
COC(C)CNC(=O)N1CC[NH+](Cc2ccccc2)CC1,,0.8103451705847651,0.1316000000000026,3.918382845197682,0.0,c1ccc(C[NH+]2CCNCC2)cc1,3.918382845197682,COC(C)CNC(=O)N1CC[NH+](Cc2ccccc2)CC1,0.8103451705847651,292.4030000000001,0.1316000000000026,46.01,2.0,2.0,5.0,21.0,1.0,0.5625,c1ccc(C[NH+]2CCNCC2)cc1,0,True,3.918382845197682,-4.042237674612916
C[C@H](NC(=O)C[NH+]1CCOCC1)c1ccc(F)cc1,,0.8010404837935152,-0.0819999999999985,3.8484058605977225,0.0,O=C(C[NH+]1CCOCC1)NCc1ccccc1,3.8484058605977225,C[C@H](NC(=O)C[NH+]1CCOCC1)c1ccc(F)cc1,0.8010404837935152,267.324,-0.0819999999999985,42.77,2.0,2.0,4.0,19.0,1.0,0.5,O=C(C[NH+]1CCOCC1)NCc1ccccc1,0,True,3.8484058605977225,-4.088365376804207
Cc1ccc(C[C@H](CO)NC(=O)CC[NH+]2CCCC2)cc1,,0.6664905562764984,0.0834200000000016,3.84221515288999,0.0,O=C(CC[NH+]1CCCC1)NCCc1ccccc1,3.84221515288999,Cc1ccc(C[C@H](CO)NC(=O)CC[NH+]2CCCC2)cc1,0.6664905562764984,291.415,0.0834200000000016,53.77,2.0,3.0,7.0,21.0,1.0,0.5882352941176471,O=C(CC[NH+]1CCCC1)NCCc1ccccc1,0,True,3.84221515288999,-4.134014596613491
CCC[NH+]1CC(NC(=O)c2cnc(C)s2)C1,,0.7692599456785628,-0.1415799999999993,3.898955118704976,0.0,O=C(NC1C[NH2+]C1)c1cncs1,3.898955118704976,CCC[NH+]1CC(NC(=O)c2cnc(C)s2)C1,0.7692599456785628,240.352,-0.1415799999999993,46.43,3.0,2.0,4.0,16.0,1.0,0.6363636363636364,O=C(NC1C[NH2+]C1)c1cncs1,0,True,3.898955118704976,-4.200485173026413
Cc1ccccc1C(=O)NCC1(NC(=O)[C@H](C)[NH+]2CCOCC2)CCC1,,0.6722099314113777,0.0673200000000022,3.9117734455252746,0.0,O=C(C[NH+]1CCOCC1)NC1(CNC(=O)c2ccccc2)CCC1,3.9117734455252746,Cc1ccccc1C(=O)NCC1(NC(=O)[C@H](C)[NH+]2CCOCC2)CCC1,0.6722099314113777,360.4780000000003,0.0673200000000022,71.87,3.0,3.0,6.0,26.0,1.0,0.6,O=C(C[NH+]1CCOCC1)NC1(CNC(=O)c2ccccc2)CCC1,0,True,3.9117734455252746,-4.205903514113896
Cc1cc(C(=O)NC2C[NH+](C)C2)cs1,,0.6907061087713847,-0.3167800000000003,3.7603202618054974,0.0,O=C(NC1C[NH2+]C1)c1ccsc1,3.7603202618054974,Cc1cc(C(=O)NC2C[NH+](C)C2)cs1,0.6907061087713847,211.31,-0.3167800000000003,33.54,2.0,2.0,2.0,14.0,1.0,0.5,O=C(NC1C[NH2+]C1)c1ccsc1,0,True,3.7603202618054974,-4.228004153034113
CCn1ccc(C(=O)N2CCC([NH+]3CCOCC3)CC2)n1,,0.8113787172108488,-0.5772999999999984,3.7787505561194337,0.0,O=C(c1cc[nH]n1)N1CCC([NH+]2CCOCC2)CC1,3.7787505561194337,CCn1ccc(C(=O)N2CCC([NH+]3CCOCC3)CC2)n1,0.8113787172108488,293.391,-0.5772999999999984,51.8,4.0,1.0,3.0,21.0,1.0,0.7333333333333333,O=C(c1cc[nH]n1)N1CCC([NH+]2CCOCC2)CC1,0,True,3.7787505561194337,-4.256021838908584
Cc1ccc(C[NH+]2CCN(C(=O)[C@H]3CCNC(=O)C3)CC2)cc1,,0.8078513397054063,-0.2516799999999979,3.9519302564806056,0.0,O=C1C[C@@H](C(=O)N2CC[NH+](Cc3ccccc3)CC2)CCN1,3.9519302564806056,Cc1ccc(C[NH+]2CCN(C(=O)[C@H]3CCNC(=O)C3)CC2)cc1,0.8078513397054063,316.4250000000001,-0.2516799999999979,53.85,2.0,2.0,3.0,23.0,1.0,0.5555555555555556,O=C1C[C@@H](C(=O)N2CC[NH+](Cc3ccccc3)CC2)CCN1,0,True,3.9519302564806056,-4.2699189167751985
Cc1cc(NC(=O)NC[C@@H](NC(=O)C[NH+]2CCOCC2)C2CC2)ccc1F,,0.5409165689765073,0.0655200000000011,3.951652312109607,0.0,O=C(C[NH+]1CCOCC1)N[C@H](CNC(=O)Nc1ccccc1)C1CC1,3.951652312109607,Cc1cc(NC(=O)NC[C@@H](NC(=O)C[NH+]2CCOCC2)C2CC2)ccc1F,0.5409165689765073,379.4560000000002,0.0655200000000011,83.9,3.0,4.0,7.0,27.0,1.0,0.5789473684210527,O=C(C[NH+]1CCOCC1)N[C@H](CNC(=O)Nc1ccccc1)C1CC1,0,True,3.951652312109607,-4.377975743133099
O=CNC1C[NH+](Cc2cccc(F)c2)C1,,0.6341139917987205,-0.6611999999999996,3.8119364155072137,0.0,c1ccc(C[NH+]2CCC2)cc1,3.8119364155072137,O=CNC1C[NH+](Cc2cccc(F)c2)C1,0.6341139917987205,209.244,-0.6611999999999996,33.54,1.0,2.0,4.0,15.0,1.0,0.3636363636363636,c1ccc(C[NH+]2CCC2)cc1,0,True,3.8119364155072137,-4.508422423708493
COc1ccc(CNC(=O)C(=O)NC[C@@H]2CCC[NH+]2C2CC2)cc1,,0.6230573255663541,-0.3626999999999976,3.98013033314937,0.0,O=C(NCc1ccccc1)C(=O)NC[C@@H]1CCC[NH+]1C1CC1,3.98013033314937,COc1ccc(CNC(=O)C(=O)NC[C@@H]2CCC[NH+]2C2CC2)cc1,0.6230573255663541,332.42400000000004,-0.3626999999999976,71.86999999999999,3.0,3.0,6.0,24.0,1.0,0.5555555555555556,O=C(NCc1ccccc1)C(=O)NC[C@@H]1CCC[NH+]1C1CC1,0,True,3.98013033314937,-4.538423007583015
O=C(NCC1C[NH2+]C1)c1ccc[nH]1,,0.5451873579282057,-1.062299999999999,3.66492249429157,0.0,O=C(NCC1C[NH2+]C1)c1ccc[nH]1,3.66492249429157,O=C(NCC1C[NH2+]C1)c1ccc[nH]1,0.5451873579282057,180.23100000000005,-1.062299999999999,61.5,1.0,3.0,3.0,13.0,1.0,0.4444444444444444,O=C(NCC1C[NH2+]C1)c1ccc[nH]1,0,True,3.66492249429157,-4.650885136363364
O=C(C[NH+]1CCOCC1)NC1CCCC1,,0.6287607939865983,-1.039699999999998,3.835318433489231,0.0,O=C(C[NH+]1CCOCC1)NC1CCCC1,3.835318433489231,O=C(C[NH+]1CCOCC1)NC1CCCC1,0.6287607939865983,213.301,-1.039699999999998,42.77,2.0,2.0,3.0,15.0,0.0,0.9090909090909092,O=C(C[NH+]1CCOCC1)NC1CCCC1,0,True,3.835318433489231,-4.726407639502632
